
# Surface 0 of 1 surfaces

# Curve title: "(1-y**2+x)**2+(sin(y*(x**2))+x)**3"

# Contour 0, label:    0.309
 1.65657  1.65654  0.308964 
 1.65655  1.65657  0.308964 
 1.65657  1.6566  0.308964 
 1.65659  1.65657  0.308964 
 1.65657  1.65654  0.308964 


# Contour 1, label:    0.309
 1.65657  1.65638  0.308996 
 1.65643  1.65657  0.308996 
 1.65657  1.65683  0.308996 
 1.65679  1.65657  0.308996 
 1.65657  1.65638  0.308996 


# Contour 2, label:    0.309
 1.65657  1.65611  0.309051 
 1.65621  1.65657  0.309051 
 1.65657  1.65724  0.309051 
 1.65714  1.65657  0.309051 
 1.65657  1.65611  0.309051 


# Contour 3, label:    0.309
 1.65657  1.65563  0.309146 
 1.65585  1.65657  0.309146 
 1.65657  1.65794  0.309146 
 1.65774  1.65657  0.309146 
 1.65657  1.65563  0.309146 


# Contour 4, label:    0.309
 1.65657  1.6548  0.309312 
 1.65521  1.65657  0.309312 
 1.65657  1.65917  0.309312 
 1.65878  1.65657  0.309312 
 1.65657  1.6548  0.309312 


# Contour 5, label:     0.31
 1.65657  1.65334  0.309604 
 1.65408  1.65657  0.309604 
 1.65657  1.66133  0.309604 
 1.66062  1.65657  0.309604 
 1.65657  1.65334  0.309604 


# Contour 6, label:     0.31
 1.65657  1.6508  0.31011 
 1.65214  1.65657  0.31011 
 1.65657  1.66506  0.31011 
 1.66381  1.65657  0.31011 
 1.65657  1.6508  0.31011 


# Contour 7, label:    0.311
 1.65657  1.64643  0.310996 
 1.65651  1.64646  0.310996 
 1.64872  1.65657  0.310996 
 1.65164  1.66667  0.310996 
 1.65657  1.66809  0.310996 
 1.65889  1.66667  0.310996 
 1.66667  1.65821  0.310996 
 1.66739  1.65657  0.310996 
 1.66667  1.65039  0.310996 
 1.65727  1.64646  0.310996 
 1.65657  1.64643  0.310996 


# Contour 8, label:    0.313
 1.65657  1.64352  0.312549 
 1.65249  1.64646  0.312549 
 1.64646  1.65361  0.312549 
 1.64502  1.65657  0.312549 
 1.64491  1.66667  0.312549 
 1.64646  1.6691  0.312549 
 1.65657  1.67139  0.312549 
 1.6643  1.66667  0.312549 
 1.66667  1.66409  0.312549 
 1.66999  1.65657  0.312549 
 1.66944  1.64646  0.312549 
 1.66667  1.64329  0.312549 
 1.65657  1.64352  0.312549 


# Contour 9, label:    0.315
 1.64646  1.64585  0.315291 
 1.64595  1.64646  0.315291 
 1.64092  1.65657  0.315291 
 1.63987  1.66667  0.315291 
 1.64631  1.67677  0.315291 
 1.64646  1.67686  0.315291 
 1.65657  1.67703  0.315291 
 1.65707  1.67677  0.315291 
 1.66667  1.67011  0.315291 
 1.66947  1.66667  0.315291 
 1.67459  1.65657  0.315291 
 1.67541  1.64646  0.315291 
 1.66667  1.63649  0.315291 
 1.65657  1.63839  0.315291 
 1.64646  1.64585  0.315291 


# Contour 10, label:     0.32
 1.65657  1.63205  0.320125 
 1.64932  1.63636  0.320125 
 1.64646  1.63858  0.320125 
 1.63988  1.64646  0.320125 
 1.63636  1.65263  0.320125 
 1.6347  1.65657  0.320125 
 1.63328  1.66667  0.320125 
 1.63564  1.67677  0.320125 
 1.63636  1.67782  0.320125 
 1.64646  1.6839  0.320125 
 1.65657  1.68301  0.320125 
 1.66667  1.67766  0.320125 
 1.66762  1.67677  0.320125 
 1.67605  1.66667  0.320125 
 1.67677  1.66535  0.320125 
 1.68009  1.65657  0.320125 
 1.68137  1.64646  0.320125 
 1.67874  1.63636  0.320125 
 1.67677  1.63383  0.320125 
 1.66667  1.62986  0.320125 
 1.65657  1.63205  0.320125 


# Contour 11, label:    0.329
 1.65657  1.62332  0.328715 
 1.65113  1.62626  0.328715 
 1.64646  1.62929  0.328715 
 1.63883  1.63636  0.328715 
 1.63636  1.63923  0.328715 
 1.63158  1.64646  0.328715 
 1.62671  1.65657  0.328715 
 1.62626  1.65859  0.328715 
 1.62484  1.66667  0.328715 
 1.62558  1.67677  0.328715 
 1.62626  1.67861  0.328715 
 1.63154  1.68687  0.328715 
 1.63636  1.69063  0.328715 
 1.64646  1.69325  0.328715 
 1.65657  1.69164  0.328715 
 1.66658  1.68687  0.328715 
 1.66667  1.68682  0.328715 
 1.67677  1.6773  0.328715 
 1.67719  1.67677  0.328715 
 1.68338  1.66667  0.328715 
 1.68687  1.65903  0.328715 
 1.68774  1.65657  0.328715 
 1.6894  1.64646  0.328715 
 1.68875  1.63636  0.328715 
 1.68687  1.63119  0.328715 
 1.68329  1.62626  0.328715 
 1.67677  1.62188  0.328715 
 1.66667  1.6207  0.328715 
 1.65657  1.62332  0.328715 


# Contour 12, label:    0.344
 1.65657  1.61183  0.344057 
 1.64815  1.61616  0.344057 
 1.64646  1.61715  0.344057 
 1.63636  1.62529  0.344057 
 1.6354  1.62626  0.344057 
 1.62671  1.63636  0.344057 
 1.62626  1.63701  0.344057 
 1.62081  1.64646  0.344057 
 1.61629  1.65657  0.344057 
 1.61616  1.65709  0.344057 
 1.61414  1.66667  0.344057 
 1.61386  1.67677  0.344057 
 1.6159  1.68687  0.344057 
 1.61616  1.68744  0.344057 
 1.62273  1.69697  0.344057 
 1.62626  1.70004  0.344057 
 1.63636  1.7046  0.344057 
 1.64646  1.70541  0.344057 
 1.65657  1.70318  0.344057 
 1.66667  1.69843  0.344057 
 1.66869  1.69697  0.344057 
 1.67677  1.69035  0.344057 
 1.67999  1.68687  0.344057 
 1.68687  1.67836  0.344057 
 1.6879  1.67677  0.344057 
 1.6932  1.66667  0.344057 
 1.69697  1.65766  0.344057 
 1.69734  1.65657  0.344057 
 1.69938  1.64646  0.344057 
 1.69988  1.63636  0.344057 
 1.69832  1.62626  0.344057 
 1.69697  1.62286  0.344057 
 1.69244  1.61616  0.344057 
 1.68687  1.6115  0.344057 
 1.67677  1.6082  0.344057 
 1.66667  1.60867  0.344057 
 1.65657  1.61183  0.344057 


# Contour 13, label:    0.372
 1.66667  1.59283  0.371758 
 1.65699  1.59596  0.371758 
 1.65657  1.59611  0.371758 
 1.64646  1.60155  0.371758 
 1.63978  1.60606  0.371758 
 1.63636  1.6086  0.371758 
 1.62793  1.61616  0.371758 
 1.62626  1.61783  0.371758 
 1.61909  1.62626  0.371758 
 1.61616  1.63016  0.371758 
 1.61212  1.63636  0.371758 
 1.60646  1.64646  0.371758 
 1.60606  1.64741  0.371758 
 1.60263  1.65657  0.371758 
 1.60001  1.66667  0.371758 
 1.59882  1.67677  0.371758 
 1.59938  1.68687  0.371758 
 1.60208  1.69697  0.371758 
 1.60606  1.70473  0.371758 
 1.60775  1.70707  0.371758 
 1.61616  1.71483  0.371758 
 1.62032  1.71717  0.371758 
 1.62626  1.7197  0.371758 
 1.63636  1.72156  0.371758 
 1.64646  1.72116  0.371758 
 1.65657  1.71873  0.371758 
 1.66011  1.71717  0.371758 
 1.66667  1.71399  0.371758 
 1.67677  1.70718  0.371758 
 1.67689  1.70707  0.371758 
 1.68687  1.6974  0.371758 
 1.68723  1.69697  0.371758 
 1.69488  1.68687  0.371758 
 1.69697  1.68378  0.371758 
 1.70093  1.67677  0.371758 
 1.70597  1.66667  0.371758 
 1.70707  1.66391  0.371758 
 1.70955  1.65657  0.371758 
 1.71207  1.64646  0.371758 
 1.71351  1.63636  0.371758 
 1.71356  1.62626  0.371758 
 1.71183  1.61616  0.371758 
 1.70775  1.60606  0.371758 
 1.70707  1.605  0.371758 
 1.69767  1.59596  0.371758 
 1.69697  1.59549  0.371758 
 1.68687  1.59197  0.371758 
 1.67677  1.59131  0.371758 
 1.66667  1.59283  0.371758 


# Contour 14, label:    0.422
 1.65657  1.57519  0.422359 
 1.65541  1.57576  0.422359 
 1.64646  1.58044  0.422359 
 1.63782  1.58586  0.422359 
 1.63636  1.58683  0.422359 
 1.62626  1.59481  0.422359 
 1.62499  1.59596  0.422359 
 1.61616  1.60448  0.422359 
 1.6147  1.60606  0.422359 
 1.60606  1.61613  0.422359 
 1.60603  1.61616  0.422359 
 1.59902  1.62626  0.422359 
 1.59596  1.63114  0.422359 
 1.593  1.63636  0.422359 
 1.588  1.64646  0.422359 
 1.58586  1.65167  0.422359 
 1.58404  1.65657  0.422359 
 1.58121  1.66667  0.422359 
 1.57934  1.67677  0.422359 
 1.57865  1.68687  0.422359 
 1.57934  1.69697  0.422359 
 1.58165  1.70707  0.422359 
 1.58583  1.71717  0.422359 
 1.58586  1.71723  0.422359 
 1.59353  1.72727  0.422359 
 1.59596  1.72965  0.422359 
 1.60606  1.73692  0.422359 
 1.60698  1.73737  0.422359 
 1.61616  1.74103  0.422359 
 1.62626  1.74319  0.422359 
 1.63636  1.74362  0.422359 
 1.64646  1.74239  0.422359 
 1.65657  1.73958  0.422359 
 1.66161  1.73737  0.422359 
 1.66667  1.735  0.422359 
 1.67677  1.72863  0.422359 
 1.67845  1.72727  0.422359 
 1.68687  1.7201  0.422359 
 1.68971  1.71717  0.422359 
 1.69697  1.70928  0.422359 
 1.69869  1.70707  0.422359 
 1.7061  1.69697  0.422359 
 1.70707  1.69554  0.422359 
 1.7121  1.68687  0.422359 
 1.71717  1.67765  0.422359 
 1.7176  1.67677  0.422359 
 1.7218  1.66667  0.422359 
 1.72559  1.65657  0.422359 
 1.72727  1.65109  0.422359 
 1.72852  1.64646  0.422359 
 1.73051  1.63636  0.422359 
 1.73173  1.62626  0.422359 
 1.73196  1.61616  0.422359 
 1.73098  1.60606  0.422359 
 1.7285  1.59596  0.422359 
 1.72727  1.59292  0.422359 
 1.72325  1.58586  0.422359 
 1.71717  1.57868  0.422359 
 1.71333  1.57576  0.422359 
 1.70707  1.57213  0.422359 
 1.69697  1.56901  0.422359 
 1.68687  1.56814  0.422359 
 1.67677  1.56908  0.422359 
 1.66667  1.57152  0.422359 
 1.65657  1.57519  0.422359 


# Contour 15, label:    0.517
 1.66667  1.54242  0.516596 
 1.65918  1.54545  0.516596 
 1.65657  1.54656  0.516596 
 1.64646  1.55183  0.516596 
 1.64028  1.55556  0.516596 
 1.63636  1.55802  0.516596 
 1.62626  1.56521  0.516596 
 1.6257  1.56566  0.516596 
 1.61616  1.57366  0.516596 
 1.61389  1.57576  0.516596 
 1.60606  1.58332  0.516596 
 1.60365  1.58586  0.516596 
 1.59596  1.59436  0.516596 
 1.59463  1.59596  0.516596 
 1.58669  1.60606  0.516596 
 1.58586  1.60719  0.516596 
 1.57981  1.61616  0.516596 
 1.57576  1.62255  0.516596 
 1.57358  1.62626  0.516596 
 1.56818  1.63636  0.516596 
 1.56566  1.64161  0.516596 
 1.5635  1.64646  0.516596 
 1.5596  1.65657  0.516596 
 1.55628  1.66667  0.516596 
 1.55556  1.66954  0.516596 
 1.55389  1.67677  0.516596 
 1.55231  1.68687  0.516596 
 1.55158  1.69697  0.516596 
 1.55184  1.70707  0.516596 
 1.5532  1.71717  0.516596 
 1.55556  1.72623  0.516596 
 1.55588  1.72727  0.516596 
 1.56058  1.73737  0.516596 
 1.56566  1.74531  0.516596 
 1.56736  1.74747  0.516596 
 1.57576  1.75594  0.516596 
 1.57781  1.75758  0.516596 
 1.58586  1.76296  0.516596 
 1.59519  1.76768  0.516596 
 1.59596  1.76801  0.516596 
 1.60606  1.77119  0.516596 
 1.61616  1.77309  0.516596 
 1.62626  1.77374  0.516596 
 1.63636  1.77313  0.516596 
 1.64646  1.77126  0.516596 
 1.65657  1.76814  0.516596 
 1.65761  1.76768  0.516596 
 1.66667  1.76342  0.516596 
 1.67647  1.75758  0.516596 
 1.67677  1.75739  0.516596 
 1.68687  1.74953  0.516596 
 1.68908  1.74747  0.516596 
 1.69697  1.73994  0.516596 
 1.69927  1.73737  0.516596 
 1.70707  1.72846  0.516596 
 1.70797  1.72727  0.516596 
 1.71537  1.71717  0.516596 
 1.71717  1.71463  0.516596 
 1.72186  1.70707  0.516596 
 1.72727  1.69821  0.516596 
 1.72794  1.69697  0.516596 
 1.73305  1.68687  0.516596 
 1.73737  1.67812  0.516596 
 1.73797  1.67677  0.516596 
 1.74201  1.66667  0.516596 
 1.74584  1.65657  0.516596 
 1.74747  1.65174  0.516596 
 1.74906  1.64646  0.516596 
 1.75167  1.63636  0.516596 
 1.75384  1.62626  0.516596 
 1.75547  1.61616  0.516596 
 1.7564  1.60606  0.516596 
 1.7565  1.59596  0.516596 
 1.75557  1.58586  0.516596 
 1.75339  1.57576  0.516596 
 1.74973  1.56566  0.516596 
 1.74747  1.56131  0.516596 
 1.74345  1.55556  0.516596 
 1.73737  1.54902  0.516596 
 1.73261  1.54545  0.516596 
 1.72727  1.54222  0.516596 
 1.71717  1.53835  0.516596 
 1.70707  1.53642  0.516596 
 1.69697  1.53608  0.516596 
 1.68687  1.53709  0.516596 
 1.67677  1.53925  0.516596 
 1.66667  1.54242  0.516596 


# Contour 16, label:    0.697
 1.78564  1.60606  0.697499 
 1.78753  1.59596  0.697499 
 1.78788  1.59338  0.697499 
 1.7888  1.58586  0.697499 
 1.78952  1.57576  0.697499 
 1.78967  1.56566  0.697499 
 1.78912  1.55556  0.697499 
 1.78788  1.5464  0.697499 
 1.78772  1.54545  0.697499 
 1.78493  1.53535  0.697499 
 1.78078  1.52525  0.697499 
 1.77778  1.5198  0.697499 
 1.77446  1.51515  0.697499 
 1.76768  1.50763  0.697499 
 1.76456  1.50505  0.697499 
 1.75758  1.5002  0.697499 
 1.74747  1.49531  0.697499 
 1.74637  1.49495  0.697499 
 1.73737  1.49241  0.697499 
 1.72727  1.49087  0.697499 
 1.71717  1.49049  0.697499 
 1.70707  1.49112  0.697499 
 1.69697  1.49264  0.697499 

 1.69697  1.49264  0.697499 
 1.68695  1.49495  0.697499 
 1.68687  1.49497  0.697499 
 1.67677  1.49825  0.697499 
 1.66667  1.50221  0.697499 
 1.66051  1.50505  0.697499 
 1.65657  1.50692  0.697499 
 1.64646  1.51241  0.697499 
 1.64197  1.51515  0.697499 
 1.63636  1.51866  0.697499 
 1.62672  1.52525  0.697499 
 1.62626  1.52558  0.697499 
 1.61616  1.53343  0.697499 
 1.61387  1.53535  0.697499 
 1.60606  1.54209  0.697499 
 1.60244  1.54545  0.697499 
 1.59596  1.55163  0.697499 
 1.59212  1.55556  0.697499 
 1.58586  1.56214  0.697499 
 1.58274  1.56566  0.697499 
 1.57576  1.57373  0.697499 
 1.57412  1.57576  0.697499 
 1.56621  1.58586  0.697499 
 1.56566  1.58659  0.697499 
 1.55909  1.59596  0.697499 
 1.55556  1.60117  0.697499 
 1.55245  1.60606  0.697499 
 1.54629  1.61616  0.697499 
 1.54545  1.61763  0.697499 
 1.54085  1.62626  0.697499 
 1.53569  1.63636  0.697499 
 1.53535  1.6371  0.697499 
 1.53129  1.64646  0.697499 
 1.52723  1.65657  0.697499 
 1.52525  1.6621  0.697499 
 1.52372  1.66667  0.697499 
 1.52082  1.67677  0.697499 
 1.5184  1.68687  0.697499 
 1.51651  1.69697  0.697499 
 1.51525  1.70707  0.697499 
 1.51515  1.70906  0.697499 
 1.51476  1.71717  0.697499 
 1.515  1.72727  0.697499 
 1.51515  1.72874  0.697499 
 1.51617  1.73737  0.697499 
 1.51838  1.74747  0.697499 
 1.52172  1.75758  0.697499 
 1.52525  1.76541  0.697499 
 1.52646  1.76768  0.697499 
 1.5332  1.77778  0.697499 
 1.53535  1.78044  0.697499 
 1.54249  1.78788  0.697499 
 1.54545  1.79052  0.697499 
 1.55544  1.79798  0.697499 
 1.55556  1.79805  0.697499 
 1.56566  1.80363  0.697499 
 1.57567  1.80808  0.697499 
 1.57576  1.80812  0.697499 
 1.58586  1.81132  0.697499 
 1.59596  1.81365  0.697499 
 1.60606  1.81508  0.697499 
 1.61616  1.81559  0.697499 
 1.62626  1.81514  0.697499 
 1.63636  1.81368  0.697499 
 1.64646  1.81117  0.697499 
 1.65515  1.80808  0.697499 
 1.65657  1.80756  0.697499 
 1.66667  1.80256  0.697499 
 1.67419  1.79798  0.697499 
 1.67677  1.79637  0.697499 
 1.68687  1.78877  0.697499 
 1.68786  1.78788  0.697499 
 1.69697  1.77964  0.697499 
 1.69875  1.77778  0.697499 
 1.70707  1.76904  0.697499 
 1.70821  1.76768  0.697499 
 1.71658  1.75758  0.697499 
 1.71717  1.75685  0.697499 
 1.72392  1.74747  0.697499 
 1.72727  1.74285  0.697499 
 1.73079  1.73737  0.697499 
 1.73736  1.72727  0.697499 
 1.73737  1.72726  0.697499 
 1.74303  1.71717  0.697499 
 1.74747  1.70939  0.697499 
 1.74866  1.70707  0.697499 
 1.75369  1.69697  0.697499 
 1.75758  1.6892  0.697499 
 1.75862  1.68687  0.697499 
 1.76298  1.67677  0.697499 
 1.76736  1.66667  0.697499 
 1.76768  1.66588  0.697499 
 1.77107  1.65657  0.697499 
 1.77465  1.64646  0.697499 
 1.77778  1.6373  0.697499 
 1.77807  1.63636  0.697499 
 1.78083  1.62626  0.697499 
 1.78338  1.61616  0.697499 
 1.78564  1.60606  0.697499 


# Contour 17, label:     1.06
 1.68687  1.84266  1.06326 
 1.69147  1.83838  1.06326 
 1.69697  1.8333  1.06326 
 1.70171  1.82828  1.06326 
 1.70707  1.82267  1.06326 
 1.71084  1.81818  1.06326 
 1.71717  1.81078  1.06326 
 1.71921  1.80808  1.06326 
 1.72703  1.79798  1.06326 
 1.72727  1.79766  1.06326 
 1.73401  1.78788  1.06326 
 1.73737  1.78313  1.06326 
 1.74077  1.77778  1.06326 
 1.74737  1.76768  1.06326 
 1.74747  1.76751  1.06326 
 1.75327  1.75758  1.06326 
 1.75758  1.75044  1.06326 
 1.75919  1.74747  1.06326 
 1.76473  1.73737  1.06326 
 1.76768  1.7321  1.06326 
 1.77012  1.72727  1.06326 
 1.7753  1.71717  1.06326 
 1.77778  1.71238  1.06326 
 1.78028  1.70707  1.06326 
 1.78507  1.69697  1.06326 
 1.78788  1.69111  1.06326 
 1.78973  1.68687  1.06326 
 1.79412  1.67677  1.06326 
 1.79798  1.66807  1.06326 
 1.79855  1.66667  1.06326 
 1.80252  1.65657  1.06326 
 1.80656  1.64646  1.06326 
 1.80808  1.64256  1.06326 
 1.81029  1.63636  1.06326 
 1.81383  1.62626  1.06326 
 1.81737  1.61616  1.06326 
 1.81818  1.6137  1.06326 
 1.82049  1.60606  1.06326 
 1.82344  1.59596  1.06326 
 1.82628  1.58586  1.06326 
 1.82828  1.57821  1.06326 
 1.82888  1.57576  1.06326 
 1.83102  1.56566  1.06326 
 1.83294  1.55556  1.06326 
 1.83458  1.54545  1.06326 
 1.83586  1.53535  1.06326 
 1.83671  1.52525  1.06326 
 1.83705  1.51515  1.06326 
 1.83678  1.50505  1.06326 
 1.83578  1.49495  1.06326 
 1.83394  1.48485  1.06326 
 1.83112  1.47475  1.06326 
 1.82828  1.46738  1.06326 
 1.82697  1.46465  1.06326 
 1.82082  1.45455  1.06326 
 1.81818  1.45103  1.06326 
 1.81193  1.44444  1.06326 
 1.80808  1.44101  1.06326 
 1.79836  1.43434  1.06326 
 1.79798  1.43412  1.06326 
 1.78788  1.42943  1.06326 
 1.77778  1.42613  1.06326 
 1.76884  1.42424  1.06326 
 1.76768  1.42402  1.06326 
 1.75758  1.42297  1.06326 
 1.74747  1.42277  1.06326 
 1.73737  1.42333  1.06326 

 1.73737  1.42333  1.06326 
 1.73007  1.42424  1.06326 
 1.72727  1.4246  1.06326 
 1.71717  1.4266  1.06326 
 1.70707  1.4292  1.06326 
 1.69697  1.43237  1.06326 
 1.69164  1.43434  1.06326 
 1.68687  1.43614  1.06326 
 1.67677  1.44051  1.06326 
 1.66857  1.44444  1.06326 
 1.66667  1.44537  1.06326 
 1.65657  1.45087  1.06326 
 1.65033  1.45455  1.06326 
 1.64646  1.45686  1.06326 
 1.63636  1.4634  1.06326 
 1.63458  1.46465  1.06326 
 1.62626  1.47055  1.06326 
 1.6207  1.47475  1.06326 
 1.61616  1.47822  1.06326 
 1.608  1.48485  1.06326 
 1.60606  1.48645  1.06326 
 1.59633  1.49495  1.06326 
 1.59596  1.49528  1.06326 
 1.58586  1.50476  1.06326 
 1.58557  1.50505  1.06326 
 1.57576  1.51491  1.06326 
 1.57553  1.51515  1.06326 
 1.56615  1.52525  1.06326 
 1.56566  1.52579  1.06326 
 1.55737  1.53535  1.06326 
 1.55556  1.53747  1.06326 
 1.54909  1.54545  1.06326 
 1.54545  1.55  1.06326 
 1.54124  1.55556  1.06326 
 1.53535  1.56344  1.06326 
 1.53378  1.56566  1.06326 
 1.52679  1.57576  1.06326 
 1.52525  1.57804  1.06326 
 1.52025  1.58586  1.06326 
 1.51515  1.59397  1.06326 
 1.51396  1.59596  1.06326 
 1.50816  1.60606  1.06326 
 1.50505  1.61163  1.06326 
 1.50265  1.61616  1.06326 
 1.49751  1.62626  1.06326 
 1.49495  1.63152  1.06326 
 1.49271  1.63636  1.06326 
 1.48829  1.64646  1.06326 
 1.48485  1.65471  1.06326 
 1.48411  1.65657  1.06326 
 1.48045  1.66667  1.06326 
 1.47703  1.67677  1.06326 
 1.47475  1.68416  1.06326 
 1.47396  1.68687  1.06326 
 1.47138  1.69697  1.06326 
 1.46915  1.70707  1.06326 
 1.46729  1.71717  1.06326 
 1.46586  1.72727  1.06326 
 1.46491  1.73737  1.06326 
 1.46465  1.74371  1.06326 
 1.4645  1.74747  1.06326 
 1.46465  1.7571  1.06326 
 1.46465  1.75758  1.06326 
 1.46548  1.76768  1.06326 
 1.46703  1.77778  1.06326 
 1.46937  1.78788  1.06326 
 1.47259  1.79798  1.06326 
 1.47475  1.80331  1.06326 
 1.47697  1.80808  1.06326 
 1.48274  1.81818  1.06326 
 1.48485  1.8213  1.06326 
 1.4903  1.82828  1.06326 
 1.49495  1.83344  1.06326 
 1.5001  1.83838  1.06326 
 1.50505  1.84261  1.06326 
 1.51298  1.84848  1.06326 
 1.51515  1.84994  1.06326 
 1.52525  1.85585  1.06326 
 1.53066  1.85859  1.06326 
 1.53535  1.86078  1.06326 
 1.54545  1.86486  1.06326 
 1.55556  1.8683  1.06326 
 1.55691  1.86869  1.06326 
 1.56566  1.871  1.06326 
 1.57576  1.8731  1.06326 
 1.58586  1.8746  1.06326 
 1.59596  1.87546  1.06326 
 1.60606  1.8756  1.06326 
 1.61616  1.87497  1.06326 
 1.62626  1.87351  1.06326 
 1.63636  1.87113  1.06326 
 1.64375  1.86869  1.06326 
 1.64646  1.86777  1.06326 
 1.65657  1.86323  1.06326 
 1.66498  1.85859  1.06326 
 1.66667  1.85764  1.06326 
 1.67677  1.85077  1.06326 
 1.67961  1.84848  1.06326 
 1.68687  1.84266  1.06326 


# Contour 18, label:     2.86
 1.89961  1.59596  2.86476 
 1.89899  1.59744  2.86476 
 1.89514  1.60606  2.86476 
 1.89078  1.61616  2.86476 
 1.88889  1.62057  2.86476 
 1.88631  1.62626  2.86476 
 1.8818  1.63636  2.86476 
 1.87879  1.6433  2.86476 
 1.87733  1.64646  2.86476 
 1.87269  1.65657  2.86476 
 1.86869  1.66564  2.86476 
 1.8682  1.66667  2.86476 
 1.86343  1.67677  2.86476 
 1.85889  1.68687  2.86476 
 1.85859  1.68754  2.86476 
 1.85403  1.69697  2.86476 
 1.84937  1.70707  2.86476 
 1.84848  1.709  2.86476 
 1.84447  1.71717  2.86476 
 1.83971  1.72727  2.86476 
 1.83838  1.7301  2.86476 
 1.83475  1.73737  2.86476 
 1.82988  1.74747  2.86476 
 1.82828  1.75082  2.86476 
 1.82484  1.75758  2.86476 
 1.81987  1.76768  2.86476 
 1.81818  1.77115  2.86476 
 1.81473  1.77778  2.86476 
 1.80965  1.78788  2.86476 
 1.80808  1.79106  2.86476 
 1.80439  1.79798  2.86476 
 1.79922  1.80808  2.86476 
 1.79798  1.81053  2.86476 
 1.7938  1.81818  2.86476 
 1.78853  1.82828  2.86476 
 1.78788  1.82954  2.86476 
 1.78292  1.83838  2.86476 
 1.77778  1.84804  2.86476 
 1.77752  1.84848  2.86476 
 1.77171  1.85859  2.86476 
 1.76768  1.86592  2.86476 
 1.76603  1.86869  2.86476 
 1.76011  1.87879  2.86476 
 1.75758  1.88326  2.86476 
 1.75409  1.88889  2.86476 
 1.74808  1.89899  2.86476 
 1.74747  1.90002  2.86476 
 1.74164  1.90909  2.86476 
 1.73737  1.91602  2.86476 
 1.73523  1.91919  2.86476 
 1.72859  1.92929  2.86476 
 1.72727  1.93134  2.86476 
 1.72156  1.93939  2.86476 
 1.71717  1.94583  2.86476 
 1.71441  1.94949  2.86476 
 1.70707  1.95957  2.86476 
 1.70705  1.9596  2.86476 
 1.69898  1.9697  2.86476 
 1.69697  1.9723  2.86476 
 1.69049  1.9798  2.86476 
 1.68687  1.98412  2.86476 
 1.68141  1.9899  2.86476 
 1.67677  1.99495  2.86476 
 1.67151  2  2.86476 

 1.58838  1.35354  2.86476 
 1.59596  1.3469  2.86476 
 1.60001  1.34343  2.86476 
 1.60606  1.33831  2.86476 
 1.6121  1.33333  2.86476 
 1.61616  1.33001  2.86476 
 1.62466  1.32323  2.86476 
 1.62626  1.32196  2.86476 
 1.63636  1.31421  2.86476 
 1.63782  1.31313  2.86476 
 1.64646  1.30677  2.86476 
 1.65169  1.30303  2.86476 
 1.65657  1.29957  2.86476 
 1.66618  1.29293  2.86476 
 1.66667  1.2926  2.86476 
 1.67677  1.28597  2.86476 
 1.68171  1.28283  2.86476 
 1.68687  1.27957  2.86476 
 1.69697  1.27341  2.86476 
 1.69815  1.27273  2.86476 
 1.70707  1.26759  2.86476 
 1.71597  1.26263  2.86476 
 1.71717  1.26196  2.86476 
 1.72727  1.25669  2.86476 
 1.73555  1.25253  2.86476 
 1.73737  1.25162  2.86476 
 1.74747  1.2469  2.86476 
 1.75749  1.24242  2.86476 
 1.75758  1.24239  2.86476 
 1.76768  1.23828  2.86476 
 1.77778  1.2344  2.86476 
 1.78367  1.23232  2.86476 
 1.78788  1.23085  2.86476 
 1.79798  1.22767  2.86476 
 1.80808  1.22477  2.86476 
 1.81812  1.22222  2.86476 
 1.81818  1.22221  2.86476 
 1.82828  1.22009  2.86476 
 1.83838  1.21834  2.86476 
 1.84848  1.217  2.86476 
 1.85859  1.21608  2.86476 
 1.86869  1.21564  2.86476 
 1.87879  1.21571  2.86476 
 1.88889  1.21635  2.86476 
 1.89899  1.21761  2.86476 
 1.90909  1.21957  2.86476 
 1.91885  1.22222  2.86476 
 1.91919  1.22232  2.86476 
 1.92929  1.22617  2.86476 
 1.93939  1.23117  2.86476 
 1.9413  1.23232  2.86476 
 1.94949  1.23791  2.86476 
 1.95484  1.24242  2.86476 
 1.9596  1.24706  2.86476 
 1.9642  1.25253  2.86476 
 1.9697  1.2604  2.86476 
 1.97098  1.26263  2.86476 
 1.97573  1.27273  2.86476 
 1.97926  1.28283  2.86476 
 1.9798  1.28491  2.86476 
 1.98152  1.29293  2.86476 
 1.98289  1.30303  2.86476 
 1.98357  1.31313  2.86476 
 1.98364  1.32323  2.86476 
 1.98319  1.33333  2.86476 
 1.98231  1.34343  2.86476 
 1.98108  1.35354  2.86476 
 1.9798  1.36184  2.86476 
 1.97951  1.36364  2.86476 
 1.97751  1.37374  2.86476 
 1.97529  1.38384  2.86476 
 1.97291  1.39394  2.86476 
 1.97039  1.40404  2.86476 
 1.9697  1.4066  2.86476 
 1.96754  1.41414  2.86476 
 1.96454  1.42424  2.86476 
 1.9615  1.43434  2.86476 
 1.9596  1.44045  2.86476 
 1.95829  1.44444  2.86476 
 1.95485  1.45455  2.86476 
 1.95144  1.46465  2.86476 
 1.94949  1.47032  2.86476 
 1.9479  1.47475  2.86476 
 1.94417  1.48485  2.86476 
 1.94052  1.49495  2.86476 
 1.93939  1.49798  2.86476 
 1.93664  1.50505  2.86476 
 1.93273  1.51515  2.86476 
 1.92929  1.52423  2.86476 
 1.92889  1.52525  2.86476 
 1.92474  1.53535  2.86476 
 1.92073  1.54545  2.86476 
 1.91919  1.54931  2.86476 
 1.91656  1.55556  2.86476 
 1.91235  1.56566  2.86476 
 1.90909  1.5737  2.86476 
 1.90821  1.57576  2.86476 
 1.90382  1.58586  2.86476 
 1.89961  1.59596  2.86476 

 1.40477  2  2.86476 
 1.40404  1.99952  2.86476 
 1.39394  1.99209  2.86476 
 1.39128  1.9899  2.86476 
 1.38384  1.98329  2.86476 
 1.38033  1.9798  2.86476 
 1.37374  1.97265  2.86476 
 1.37131  1.9697  2.86476 
 1.36378  1.9596  2.86476 
 1.36364  1.95939  2.86476 
 1.35764  1.94949  2.86476 
 1.35354  1.94182  2.86476 
 1.35237  1.93939  2.86476 
 1.34805  1.92929  2.86476 
 1.34433  1.91919  2.86476 
 1.34343  1.91636  2.86476 
 1.34134  1.90909  2.86476 
 1.33889  1.89899  2.86476 
 1.33688  1.88889  2.86476 
 1.33531  1.87879  2.86476 
 1.33412  1.86869  2.86476 
 1.33333  1.85885  2.86476 
 1.33331  1.85859  2.86476 
 1.33288  1.84848  2.86476 
 1.33275  1.83838  2.86476 
 1.33291  1.82828  2.86476 
 1.33333  1.81834  2.86476 
 1.33334  1.81818  2.86476 
 1.33407  1.80808  2.86476 
 1.33505  1.79798  2.86476 
 1.33628  1.78788  2.86476 
 1.33773  1.77778  2.86476 
 1.33941  1.76768  2.86476 
 1.34129  1.75758  2.86476 
 1.34336  1.74747  2.86476 
 1.34343  1.74716  2.86476 
 1.34573  1.73737  2.86476 
 1.34827  1.72727  2.86476 
 1.351  1.71717  2.86476 
 1.35354  1.70832  2.86476 
 1.3539  1.70707  2.86476 
 1.35708  1.69697  2.86476 
 1.36041  1.68687  2.86476 
 1.36364  1.67753  2.86476 
 1.36391  1.67677  2.86476 
 1.36767  1.66667  2.86476 
 1.37158  1.65657  2.86476 
 1.37374  1.6512  2.86476 
 1.37569  1.64646  2.86476 
 1.38001  1.63636  2.86476 
 1.38384  1.62766  2.86476 
 1.38447  1.62626  2.86476 
 1.38919  1.61616  2.86476 
 1.39394  1.60624  2.86476 
 1.39403  1.60606  2.86476 
 1.39915  1.59596  2.86476 
 1.40404  1.58651  2.86476 
 1.40438  1.58586  2.86476 
 1.4099  1.57576  2.86476 
 1.41414  1.56811  2.86476 
 1.41554  1.56566  2.86476 
 1.42142  1.55556  2.86476 
 1.42424  1.55081  2.86476 
 1.4275  1.54545  2.86476 
 1.43374  1.53535  2.86476 
 1.43434  1.5344  2.86476 
 1.44027  1.52525  2.86476 
 1.44444  1.51889  2.86476 
 1.44695  1.51515  2.86476 
 1.45384  1.50505  2.86476 
 1.45455  1.50404  2.86476 
 1.46101  1.49495  2.86476 
 1.46465  1.4899  2.86476 
 1.46837  1.48485  2.86476 
 1.47475  1.4763  2.86476 
 1.47593  1.47475  2.86476 
 1.48376  1.46465  2.86476 
 1.48485  1.46326  2.86476 
 1.49186  1.45455  2.86476 
 1.49495  1.45074  2.86476 
 1.50019  1.44444  2.86476 
 1.50505  1.43866  2.86476 
 1.50877  1.43434  2.86476 
 1.51515  1.42701  2.86476 
 1.51761  1.42424  2.86476 
 1.52525  1.41575  2.86476 
 1.52674  1.41414  2.86476 
 1.53535  1.40488  2.86476 
 1.53615  1.40404  2.86476 
 1.54545  1.39438  2.86476 
 1.54589  1.39394  2.86476 
 1.55556  1.38423  2.86476 
 1.55596  1.38384  2.86476 
 1.56566  1.37442  2.86476 
 1.56638  1.37374  2.86476 
 1.57576  1.36494  2.86476 
 1.57718  1.36364  2.86476 
 1.58586  1.35577  2.86476 
 1.58838  1.35354  2.86476 


# Contour 19, label:     8.26
 2  1.57021  8.26008 
 1.99715  1.57576  8.26008 
 1.99208  1.58586  8.26008 
 1.9899  1.59028  8.26008 
 1.987  1.59596  8.26008 
 1.98196  1.60606  8.26008 
 1.9798  1.61047  8.26008 
 1.97691  1.61616  8.26008 
 1.97189  1.62626  8.26008 
 1.9697  1.63076  8.26008 
 1.96686  1.63636  8.26008 
 1.96187  1.64646  8.26008 
 1.9596  1.65114  8.26008 
 1.95687  1.65657  8.26008 
 1.95189  1.66667  8.26008 
 1.94949  1.67162  8.26008 
 1.94691  1.67677  8.26008 
 1.94195  1.68687  8.26008 
 1.93939  1.69217  8.26008 
 1.93699  1.69697  8.26008 
 1.93204  1.70707  8.26008 
 1.92929  1.71279  8.26008 
 1.92711  1.71717  8.26008 
 1.92216  1.72727  8.26008 
 1.91919  1.73346  8.26008 
 1.91724  1.73737  8.26008 
 1.91229  1.74747  8.26008 
 1.90909  1.75417  8.26008 
 1.9074  1.75758  8.26008 
 1.90244  1.76768  8.26008 
 1.89899  1.77491  8.26008 
 1.89756  1.77778  8.26008 
 1.8926  1.78788  8.26008 
 1.88889  1.79565  8.26008 
 1.88773  1.79798  8.26008 
 1.88276  1.80808  8.26008 
 1.87879  1.81639  8.26008 
 1.8779  1.81818  8.26008 
 1.87291  1.82828  8.26008 
 1.86869  1.8371  8.26008 
 1.86804  1.83838  8.26008 
 1.86303  1.84848  8.26008 
 1.85859  1.85776  8.26008 
 1.85817  1.85859  8.26008 
 1.85314  1.86869  8.26008 
 1.84848  1.87835  8.26008 
 1.84826  1.87879  8.26008 
 1.8432  1.88889  8.26008 
 1.83838  1.89884  8.26008 
 1.83831  1.89899  8.26008 
 1.83321  1.90909  8.26008 
 1.8283  1.91919  8.26008 
 1.82828  1.91922  8.26008 
 1.82316  1.92929  8.26008 
 1.81821  1.93939  8.26008 
 1.81818  1.93946  8.26008 
 1.81304  1.94949  8.26008 
 1.80808  1.95953  8.26008 
 1.80805  1.9596  8.26008 
 1.80282  1.9697  8.26008 
 1.79798  1.9794  8.26008 
 1.79777  1.9798  8.26008 
 1.7925  1.9899  8.26008 
 1.78788  1.99905  8.26008 
 1.78737  2  8.26008 

 1.25253  1.44557  8.26008 
 1.24501  1.45455  8.26008 
 1.24242  1.4578  8.26008 
 1.23677  1.46465  8.26008 
 1.23232  1.47034  8.26008 
 1.22872  1.47475  8.26008 
 1.22222  1.48322  8.26008 
 1.22091  1.48485  8.26008 
 1.21323  1.49495  8.26008 
 1.21212  1.49649  8.26008 
 1.20567  1.50505  8.26008 
 1.20202  1.51025  8.26008 
 1.19838  1.51515  8.26008 
 1.19192  1.52456  8.26008 
 1.19141  1.52525  8.26008 
 1.1845  1.53535  8.26008 
 1.18182  1.53959  8.26008 
 1.17788  1.54545  8.26008 
 1.17172  1.55551  8.26008 
 1.17168  1.55556  8.26008 
 1.16548  1.56566  8.26008 
 1.16162  1.57264  8.26008 
 1.15977  1.57576  8.26008 
 1.15427  1.58586  8.26008 
 1.15152  1.59145  8.26008 
 1.14912  1.59596  8.26008 
 1.14428  1.60606  8.26008 
 1.14141  1.61274  8.26008 
 1.13983  1.61616  8.26008 
 1.13559  1.62626  8.26008 
 1.13189  1.63636  8.26008 
 1.13131  1.63809  8.26008 
 1.12829  1.64646  8.26008 
 1.12511  1.65657  8.26008 
 1.12235  1.66667  8.26008 
 1.12121  1.67135  8.26008 
 1.11979  1.67677  8.26008 
 1.11747  1.68687  8.26008 
 1.1155  1.69697  8.26008 
 1.11382  1.70707  8.26008 
 1.1124  1.71717  8.26008 
 1.11122  1.72727  8.26008 
 1.11111  1.7284  8.26008 
 1.11016  1.73737  8.26008 
 1.1093  1.74747  8.26008 
 1.10865  1.75758  8.26008 
 1.10818  1.76768  8.26008 
 1.10787  1.77778  8.26008 
 1.10772  1.78788  8.26008 
 1.10771  1.79798  8.26008 
 1.10784  1.80808  8.26008 
 1.10809  1.81818  8.26008 
 1.10847  1.82828  8.26008 
 1.10896  1.83838  8.26008 
 1.10957  1.84848  8.26008 
 1.11029  1.85859  8.26008 
 1.11111  1.86859  8.26008 
 1.11112  1.86869  8.26008 
 1.112  1.87879  8.26008 
 1.11299  1.88889  8.26008 
 1.11408  1.89899  8.26008 
 1.11527  1.90909  8.26008 
 1.11657  1.91919  8.26008 
 1.11797  1.92929  8.26008 
 1.11948  1.93939  8.26008 
 1.12109  1.94949  8.26008 
 1.12121  1.95019  8.26008 
 1.12277  1.9596  8.26008 
 1.12455  1.9697  8.26008 
 1.12645  1.9798  8.26008 
 1.12847  1.9899  8.26008 
 1.13061  2  8.26008 

 1.79519  1  8.26008 
 1.78788  1.00399  8.26008 
 1.77778  1.00952  8.26008 
 1.77674  1.0101  8.26008 
 1.76768  1.01521  8.26008 
 1.75885  1.0202  8.26008 
 1.75758  1.02093  8.26008 
 1.74747  1.0268  8.26008 
 1.74147  1.0303  8.26008 
 1.73737  1.03273  8.26008 
 1.72727  1.03876  8.26008 
 1.72455  1.0404  8.26008 
 1.71717  1.04491  8.26008 
 1.70804  1.05051  8.26008 
 1.70707  1.05111  8.26008 
 1.69697  1.05745  8.26008 
 1.69197  1.06061  8.26008 
 1.68687  1.06387  8.26008 
 1.67677  1.07037  8.26008 
 1.67625  1.07071  8.26008 
 1.66667  1.07701  8.26008 
 1.66091  1.08081  8.26008 
 1.65657  1.08372  8.26008 
 1.64646  1.09051  8.26008 
 1.64588  1.09091  8.26008 
 1.63636  1.09744  8.26008 
 1.63119  1.10101  8.26008 
 1.62626  1.10446  8.26008 
 1.61678  1.11111  8.26008 
 1.61616  1.11155  8.26008 
 1.60606  1.11878  8.26008 
 1.60267  1.12121  8.26008 
 1.59596  1.1261  8.26008 
 1.58882  1.13131  8.26008 
 1.58586  1.13351  8.26008 
 1.57576  1.14102  8.26008 
 1.57523  1.14141  8.26008 
 1.56566  1.14866  8.26008 
 1.56189  1.15152  8.26008 
 1.55556  1.1564  8.26008 
 1.54879  1.16162  8.26008 
 1.54545  1.16423  8.26008 
 1.53592  1.17172  8.26008 
 1.53535  1.17217  8.26008 
 1.52525  1.18023  8.26008 
 1.52326  1.18182  8.26008 
 1.51515  1.1884  8.26008 
 1.51081  1.19192  8.26008 
 1.50505  1.19668  8.26008 
 1.49857  1.20202  8.26008 
 1.49495  1.20506  8.26008 
 1.48653  1.21212  8.26008 
 1.48485  1.21355  8.26008 
 1.47475  1.22216  8.26008 
 1.47468  1.22222  8.26008 
 1.46465  1.2309  8.26008 
 1.46299  1.23232  8.26008 
 1.45455  1.23974  8.26008 
 1.45148  1.24242  8.26008 
 1.44444  1.24871  8.26008 
 1.44015  1.25253  8.26008 
 1.43434  1.25779  8.26008 
 1.42898  1.26263  8.26008 
 1.42424  1.267  8.26008 
 1.41798  1.27273  8.26008 
 1.41414  1.27633  8.26008 
 1.40714  1.28283  8.26008 
 1.40404  1.28578  8.26008 
 1.39646  1.29293  8.26008 
 1.39394  1.29537  8.26008 
 1.38593  1.30303  8.26008 
 1.38384  1.30508  8.26008 
 1.37554  1.31313  8.26008 
 1.37374  1.31493  8.26008 
 1.3653  1.32323  8.26008 
 1.36364  1.32492  8.26008 
 1.3552  1.33333  8.26008 
 1.35354  1.33505  8.26008 
 1.34524  1.34343  8.26008 
 1.34343  1.34532  8.26008 
 1.33542  1.35354  8.26008 
 1.33333  1.35575  8.26008 
 1.32574  1.36364  8.26008 
 1.32323  1.36633  8.26008 
 1.31619  1.37374  8.26008 
 1.31313  1.37708  8.26008 
 1.30679  1.38384  8.26008 
 1.30303  1.388  8.26008 
 1.29752  1.39394  8.26008 
 1.29293  1.3991  8.26008 
 1.2884  1.40404  8.26008 
 1.28283  1.41039  8.26008 
 1.27943  1.41414  8.26008 
 1.27273  1.42188  8.26008 
 1.27061  1.42424  8.26008 
 1.26263  1.4336  8.26008 
 1.26197  1.43434  8.26008 
 1.25343  1.44444  8.26008 
 1.25253  1.44557  8.26008 

 1.04293  1  8.26008 
 1.04233  1.0101  8.26008 
 1.04174  1.0202  8.26008 
 1.04117  1.0303  8.26008 
 1.04062  1.0404  8.26008 
 1.0404  1.04441  8.26008 
 1.04008  1.05051  8.26008 
 1.03956  1.06061  8.26008 
 1.03905  1.07071  8.26008 
 1.03856  1.08081  8.26008 
 1.03808  1.09091  8.26008 
 1.03762  1.10101  8.26008 
 1.03717  1.11111  8.26008 
 1.03673  1.12121  8.26008 
 1.0363  1.13131  8.26008 
 1.03589  1.14141  8.26008 
 1.03549  1.15152  8.26008 
 1.03509  1.16162  8.26008 
 1.03471  1.17172  8.26008 
 1.03433  1.18182  8.26008 
 1.03396  1.19192  8.26008 
 1.03359  1.20202  8.26008 
 1.03324  1.21212  8.26008 
 1.03288  1.22222  8.26008 
 1.03253  1.23232  8.26008 
 1.03218  1.24242  8.26008 
 1.03184  1.25253  8.26008 
 1.03149  1.26263  8.26008 
 1.03114  1.27273  8.26008 
 1.03079  1.28283  8.26008 
 1.03043  1.29293  8.26008 
 1.0303  1.2964  8.26008 
 1.03007  1.30303  8.26008 
 1.02971  1.31313  8.26008 
 1.02933  1.32323  8.26008 
 1.02895  1.33333  8.26008 
 1.02855  1.34343  8.26008 
 1.02813  1.35354  8.26008 
 1.0277  1.36364  8.26008 
 1.02724  1.37374  8.26008 
 1.02675  1.38384  8.26008 
 1.02623  1.39394  8.26008 
 1.02567  1.40404  8.26008 
 1.02507  1.41414  8.26008 
 1.02442  1.42424  8.26008 
 1.02372  1.43434  8.26008 
 1.02294  1.44444  8.26008 
 1.0221  1.45455  8.26008 
 1.02117  1.46465  8.26008 
 1.0202  1.47411  8.26008 
 1.02014  1.47475  8.26008 
 1.01908  1.48485  8.26008 
 1.0179  1.49495  8.26008 
 1.0166  1.50505  8.26008 
 1.01515  1.51515  8.26008 
 1.01353  1.52525  8.26008 
 1.01171  1.53535  8.26008 
 1.0101  1.54336  8.26008 
 1.0097  1.54545  8.26008 
 1.00761  1.55556  8.26008 
 1.00526  1.56566  8.26008 
 1.00261  1.57576  8.26008 
 1  1.58463  8.26008 


# Contour 20, label:       11
 2  1.62428  10.9602 
 1.99898  1.62626  10.9602 
 1.99384  1.63636  10.9602 
 1.9899  1.64429  10.9602 
 1.98879  1.64646  10.9602 
 1.98368  1.65657  10.9602 
 1.9798  1.66444  10.9602 
 1.97867  1.66667  10.9602 
 1.97359  1.67677  10.9602 
 1.9697  1.68472  10.9602 
 1.96861  1.68687  10.9602 
 1.96357  1.69697  10.9602 
 1.9596  1.70512  10.9602 
 1.95862  1.70707  10.9602 
 1.9536  1.71717  10.9602 
 1.94949  1.72563  10.9602 
 1.94868  1.72727  10.9602 
 1.94367  1.73737  10.9602 
 1.93939  1.74624  10.9602 
 1.93878  1.74747  10.9602 
 1.93379  1.75758  10.9602 
 1.92929  1.76694  10.9602 
 1.92893  1.76768  10.9602 
 1.92395  1.77778  10.9602 
 1.91919  1.7877  10.9602 
 1.9191  1.78788  10.9602 
 1.91413  1.79798  10.9602 
 1.9093  1.80808  10.9602 
 1.90909  1.80851  10.9602 
 1.90434  1.81818  10.9602 
 1.8995  1.82828  10.9602 
 1.89899  1.82936  10.9602 
 1.89456  1.83838  10.9602 
 1.88972  1.84848  10.9602 
 1.88889  1.85022  10.9602 
 1.88478  1.85859  10.9602 
 1.87993  1.86869  10.9602 
 1.87879  1.87109  10.9602 
 1.875  1.87879  10.9602 
 1.87014  1.88889  10.9602 
 1.86869  1.89194  10.9602 
 1.86522  1.89899  10.9602 
 1.86034  1.90909  10.9602 
 1.85859  1.91276  10.9602 
 1.85541  1.91919  10.9602 
 1.85051  1.92929  10.9602 
 1.84848  1.93352  10.9602 
 1.84557  1.93939  10.9602 
 1.84065  1.94949  10.9602 
 1.83838  1.95421  10.9602 
 1.8357  1.9596  10.9602 
 1.83075  1.9697  10.9602 
 1.82828  1.97479  10.9602 
 1.82577  1.9798  10.9602 
 1.82079  1.9899  10.9602 
 1.81818  1.99525  10.9602 
 1.81578  2  10.9602 

 1.1551  1  10.9602 
 1.15531  1.0101  10.9602 
 1.15561  1.0202  10.9602 
 1.15601  1.0303  10.9602 
 1.15651  1.0404  10.9602 
 1.15712  1.05051  10.9602 
 1.15785  1.06061  10.9602 
 1.1587  1.07071  10.9602 
 1.15968  1.08081  10.9602 
 1.16081  1.09091  10.9602 
 1.16162  1.0973  10.9602 
 1.16211  1.10101  10.9602 
 1.16362  1.11111  10.9602 
 1.16533  1.12121  10.9602 
 1.16727  1.13131  10.9602 
 1.16945  1.14141  10.9602 
 1.17172  1.15075  10.9602 
 1.17192  1.15152  10.9602 
 1.17487  1.16162  10.9602 
 1.17823  1.17172  10.9602 
 1.18182  1.18124  10.9602 
 1.18207  1.18182  10.9602 
 1.18685  1.19192  10.9602 
 1.19192  1.20119  10.9602 
 1.19246  1.20202  10.9602 
 1.19983  1.21212  10.9602 
 1.20202  1.21476  10.9602 
 1.20995  1.22222  10.9602 
 1.21212  1.22404  10.9602 
 1.22222  1.23017  10.9602 
 1.22773  1.23232  10.9602 
 1.23232  1.23394  10.9602 
 1.24242  1.23585  10.9602 
 1.25253  1.2363  10.9602 
 1.26263  1.23556  10.9602 
 1.27273  1.23385  10.9602 
 1.2787  1.23232  10.9602 
 1.28283  1.23132  10.9602 
 1.29293  1.22811  10.9602 
 1.30303  1.22435  10.9602 
 1.30798  1.22222  10.9602 
 1.31313  1.2201  10.9602 
 1.32323  1.21545  10.9602 
 1.32988  1.21212  10.9602 
 1.33333  1.21046  10.9602 
 1.34343  1.20517  10.9602 
 1.3491  1.20202  10.9602 
 1.35354  1.19964  10.9602 
 1.36364  1.1939  10.9602 
 1.36694  1.19192  10.9602 
 1.37374  1.18798  10.9602 
 1.38384  1.18191  10.9602 
 1.38399  1.18182  10.9602 
 1.39394  1.17571  10.9602 
 1.40027  1.17172  10.9602 
 1.40404  1.16941  10.9602 
 1.41414  1.16302  10.9602 
 1.41629  1.16162  10.9602 
 1.42424  1.15656  10.9602 
 1.43202  1.15152  10.9602 
 1.43434  1.15005  10.9602 
 1.44444  1.14349  10.9602 
 1.44758  1.14141  10.9602 
 1.45455  1.1369  10.9602 
 1.46306  1.13131  10.9602 
 1.46465  1.13029  10.9602 
 1.47475  1.12367  10.9602 
 1.47844  1.12121  10.9602 
 1.48485  1.11704  10.9602 
 1.49386  1.11111  10.9602 
 1.49495  1.11041  10.9602 
 1.50505  1.1038  10.9602 
 1.50926  1.10101  10.9602 
 1.51515  1.09719  10.9602 
 1.52478  1.09091  10.9602 
 1.52525  1.0906  10.9602 
 1.53535  1.08405  10.9602 
 1.54031  1.08081  10.9602 
 1.54545  1.07751  10.9602 
 1.55556  1.07101  10.9602 
 1.55602  1.07071  10.9602 
 1.56566  1.06455  10.9602 
 1.57181  1.06061  10.9602 
 1.57576  1.05812  10.9602 
 1.58586  1.05173  10.9602 
 1.58778  1.05051  10.9602 
 1.59596  1.04539  10.9602 
 1.60393  1.0404  10.9602 
 1.60606  1.03909  10.9602 
 1.61616  1.03285  10.9602 
 1.62026  1.0303  10.9602 
 1.62626  1.02665  10.9602 
 1.63636  1.02049  10.9602 
 1.63683  1.0202  10.9602 
 1.64646  1.0144  10.9602 
 1.65361  1.0101  10.9602 
 1.65657  1.00836  10.9602 
 1.66667  1.00237  10.9602 
 1.67067  1  10.9602 

