1 2
1.11268 1.88551
1.33363 1.86321
1.51427 1.84941
1.55041 1.79453
1.57758 1.75752
1.59795 1.73154
1.61318 1.71282
1.62452 1.69906
1.63294 1.68883
1.63919 1.68114
1.64383 1.67534
1.64729 1.67094
1.64986 1.66761
1.65179 1.66509
1.65323 1.66317
1.65432 1.66171
1.65514 1.6606
1.65575 1.65976
1.65622 1.65912
1.65657 1.65864
1.65684 1.65827
1.65704 1.65799
1.65719 1.65778
1.65731 1.65762
1.6574 1.6575
1.65747 1.65741
1.65752 1.65734
1.65755 1.65728
1.65758 1.65724
1.65761 1.65721
1.65762 1.65719
1.65764 1.65717
1.65764 1.65716
1.65765 1.65715
1.65766 1.65714
1.65766 1.65714
1.65767 1.65713
1.65767 1.65713
1.65767 1.65713
1.65767 1.65712
1.65767 1.65712
1.65767 1.65712
1.65767 1.65712
1.65767 1.65712
1.65767 1.65712
1.65767 1.65712
1.65767 1.65712
1.65767 1.65712
1.65767 1.65712
1.65767 1.65712
1.65767 1.65712
1.65767 1.65712
1.65767 1.65712
1.65767 1.65712
1.65768 1.65712
1.65768 1.65712
1.65768 1.65712
1.65768 1.65712
1.65768 1.65712
