0.038693 0.993589
0.038694 0.993573
0.038695 0.993558
0.038696 0.993542
0.038697 0.993527
0.038698 0.993511
0.038699 0.993496
0.0387 0.99348
0.038701 0.993465
0.038702 0.99345
0.038703 0.993434
0.038704 0.993419
0.038705 0.993404
0.038706 0.993388
0.038707 0.993373
0.038708 0.993357
0.038709 0.993342
0.03871 0.993327
0.038711 0.993312
0.038712 0.993296
0.038713 0.993281
0.038714 0.993266
0.038715 0.99325
0.038716 0.993235
0.038717 0.99322
0.038718 0.993205
0.038719 0.993189
0.03872 0.993174
0.038721 0.993159
0.038722 0.993144
0.038723 0.993129
0.038724 0.993114
0.038725 0.993098
0.038726 0.993083
0.038727 0.993068
0.038728 0.993053
0.038729 0.993038
0.03873 0.993023
0.038731 0.993008
0.038732 0.992992
0.038733 0.992977
0.038734 0.992962
0.038735 0.992947
0.038736 0.992932
0.038737 0.992917
0.038738 0.992902
0.038739 0.992887
0.03874 0.992872
0.038741 0.992857
0.038742 0.992842
0.038743 0.992827
0.038744 0.992812
0.038745 0.992797
0.038746 0.992782
0.038747 0.992767
0.038748 0.992752
0.038749 0.992737
0.03875 0.992723
0.038751 0.992708
0.038752 0.992693
0.038753 0.992678
0.038754 0.992663
0.038755 0.992648
0.038756 0.992633
0.038757 0.992618
0.038758 0.992604
0.038759 0.992589
0.03876 0.992574
0.038761 0.992559
0.038762 0.992544
0.038763 0.99253
0.038764 0.992515
0.038765 0.9925
0.038766 0.992485
0.038767 0.992471
0.038768 0.992456
0.038769 0.992441
0.03877 0.992426
0.038771 0.992412
0.038772 0.992397
0.038773 0.992382
0.038774 0.992368
0.038775 0.992353
0.038776 0.992338
0.038777 0.992324
0.038778 0.992309
0.038779 0.992295
0.03878 0.99228
0.038781 0.992265
0.038782 0.992251
0.038783 0.992236
0.038784 0.992222
0.038785 0.992207
0.038786 0.992192
0.038787 0.992178
0.038788 0.992163
0.038789 0.992149
0.03879 0.992134
0.038791 0.99212
0.038792 0.992105
0.038793 0.992091
0.038794 0.992076
0.038795 0.992062
0.038796 0.992048
0.038797 0.992033
0.038798 0.992019
0.038799 0.992004
0.0388 0.99199
0.038801 0.991976
0.038802 0.991961
0.038803 0.991947
0.038804 0.991932
0.038805 0.991918
0.038806 0.991904
0.038807 0.991889
0.038808 0.991875
0.038809 0.991861
0.03881 0.991846
0.038811 0.991832
0.038812 0.991818
0.038813 0.991804
0.038814 0.991789
0.038815 0.991775
0.038816 0.991761
0.038817 0.991747
0.038818 0.991732
0.038819 0.991718
0.03882 0.991704
0.038821 0.99169
0.038822 0.991676
0.038823 0.991661
0.038824 0.991647
0.038825 0.991633
0.038826 0.991619
0.038827 0.991605
0.038828 0.991591
0.038829 0.991577
0.03883 0.991563
0.038831 0.991548
0.038832 0.991534
0.038833 0.99152
0.038834 0.991506
0.038835 0.991492
0.038836 0.991478
0.038837 0.991464
0.038838 0.99145
0.038839 0.991436
0.03884 0.991422
0.038841 0.991408
0.038842 0.991394
0.038843 0.99138
0.038844 0.991366
0.038845 0.991352
0.038846 0.991338
0.038847 0.991324
0.038848 0.991311
0.038849 0.991297
0.03885 0.991283
0.038851 0.991269
0.038852 0.991255
0.038853 0.991241
0.038854 0.991227
0.038855 0.991213
0.038856 0.9912
0.038857 0.991186
0.038858 0.991172
0.038859 0.991158
0.03886 0.991144
0.038861 0.991131
0.038862 0.991117
0.038863 0.991103
0.038864 0.991089
0.038865 0.991076
0.038866 0.991062
0.038867 0.991048
0.038868 0.991034
0.038869 0.991021
0.03887 0.991007
0.038871 0.990993
0.038872 0.99098
0.038873 0.990966
0.038874 0.990952
0.038875 0.990939
0.038876 0.990925
0.038877 0.990911
0.038878 0.990898
0.038879 0.990884
0.03888 0.990871
0.038881 0.990857
0.038882 0.990844
0.038883 0.99083
0.038884 0.990816
0.038885 0.990803
0.038886 0.990789
0.038887 0.990776
0.038888 0.990762
0.038889 0.990749
0.03889 0.990735
0.038891 0.990722
0.038892 0.990708
0.038893 0.990695
0.038894 0.990682
0.038895 0.990668
0.038896 0.990655
0.038897 0.990641
0.038898 0.990628
0.038899 0.990615
0.0389 0.990601
0.038901 0.990588
0.038902 0.990574
0.038903 0.990561
0.038904 0.990548
0.038905 0.990534
0.038906 0.990521
0.038907 0.990508
0.038908 0.990494
0.038909 0.990481
0.03891 0.990468
0.038911 0.990455
0.038912 0.990441
0.038913 0.990428
0.038914 0.990415
0.038915 0.990402
0.038916 0.990388
0.038917 0.990375
0.038918 0.990362
0.038919 0.990349
0.03892 0.990336
0.038921 0.990323
0.038922 0.990309
0.038923 0.990296
0.038924 0.990283
0.038925 0.99027
0.038926 0.990257
0.038927 0.990244
0.038928 0.990231
0.038929 0.990218
0.03893 0.990205
0.038931 0.990192
0.038932 0.990178
0.038933 0.990165
0.038934 0.990152
0.038935 0.990139
0.038936 0.990126
0.038937 0.990113
0.038938 0.9901
0.038939 0.990087
0.03894 0.990074
0.038941 0.990062
0.038942 0.990049
0.038943 0.990036
0.038944 0.990023
0.038945 0.99001
0.038946 0.989997
0.038947 0.989984
0.038948 0.989971
0.038949 0.989958
0.03895 0.989945
0.038951 0.989933
0.038952 0.98992
0.038953 0.989907
0.038954 0.989894
0.038955 0.989881
0.038956 0.989868
0.038957 0.989856
0.038958 0.989843
0.038959 0.98983
0.03896 0.989817
0.038961 0.989805
0.038962 0.989792
0.038963 0.989779
0.038964 0.989766
0.038965 0.989754
0.038966 0.989741
0.038967 0.989728
0.038968 0.989716
0.038969 0.989703
0.03897 0.98969
0.038971 0.989678
0.038972 0.989665
0.038973 0.989652
0.038974 0.98964
0.038975 0.989627
0.038976 0.989615
0.038977 0.989602
0.038978 0.989589
0.038979 0.989577
0.03898 0.989564
0.038981 0.989552
0.038982 0.989539
0.038983 0.989527
0.038984 0.989514
0.038985 0.989502
0.038986 0.989489
0.038987 0.989477
0.038988 0.989464
0.038989 0.989452
0.03899 0.989439
0.038991 0.989427
0.038992 0.989415
0.038993 0.989402
0.038994 0.98939
0.038995 0.989377
0.038996 0.989365
0.038997 0.989353
0.038998 0.98934
0.038999 0.989328
0.039 0.989316
0.039001 0.989303
0.039002 0.989291
0.039003 0.989279
0.039004 0.989266
0.039005 0.989254
0.039006 0.989242
0.039007 0.98923
0.039008 0.989217
0.039009 0.989205
0.03901 0.989193
0.039011 0.989181
0.039012 0.989168
0.039013 0.989156
0.039014 0.989144
0.039015 0.989132
0.039016 0.98912
0.039017 0.989107
0.039018 0.989095
0.039019 0.989083
0.03902 0.989071
0.039021 0.989059
0.039022 0.989047
0.039023 0.989035
0.039024 0.989023
0.039025 0.98901
0.039026 0.988998
0.039027 0.988986
0.039028 0.988974
0.039029 0.988962
0.03903 0.98895
0.039031 0.988938
0.039032 0.988926
0.039033 0.988914
0.039034 0.988902
0.039035 0.98889
0.039036 0.988878
0.039037 0.988866
0.039038 0.988854
0.039039 0.988842
0.03904 0.988831
0.039041 0.988819
0.039042 0.988807
0.039043 0.988795
0.039044 0.988783
0.039045 0.988771
0.039046 0.988759
0.039047 0.988747
0.039048 0.988736
0.039049 0.988724
0.03905 0.988712
0.039051 0.9887
0.039052 0.988688
0.039053 0.988677
0.039054 0.988665
0.039055 0.988653
0.039056 0.988641
0.039057 0.98863
0.039058 0.988618
0.039059 0.988606
0.03906 0.988594
0.039061 0.988583
0.039062 0.988571
0.039063 0.988559
0.039064 0.988548
0.039065 0.988536
0.039066 0.988524
0.039067 0.988513
0.039068 0.988501
0.039069 0.988489
0.03907 0.988478
0.039071 0.988466
0.039072 0.988455
0.039073 0.988443
0.039074 0.988432
0.039075 0.98842
0.039076 0.988408
0.039077 0.988397
0.039078 0.988385
0.039079 0.988374
0.03908 0.988362
0.039081 0.988351
0.039082 0.988339
0.039083 0.988328
0.039084 0.988316
0.039085 0.988305
0.039086 0.988294
0.039087 0.988282
0.039088 0.988271
0.039089 0.988259
0.03909 0.988248
0.039091 0.988237
0.039092 0.988225
0.039093 0.988214
0.039094 0.988202
0.039095 0.988191
0.039096 0.98818
0.039097 0.988168
0.039098 0.988157
0.039099 0.988146
0.0391 0.988135
0.039101 0.988123
0.039102 0.988112
0.039103 0.988101
0.039104 0.98809
0.039105 0.988078
0.039106 0.988067
0.039107 0.988056
0.039108 0.988045
0.039109 0.988033
0.03911 0.988022
0.039111 0.988011
0.039112 0.988
0.039113 0.987989
0.039114 0.987978
0.039115 0.987967
0.039116 0.987955
0.039117 0.987944
0.039118 0.987933
0.039119 0.987922
0.03912 0.987911
0.039121 0.9879
0.039122 0.987889
0.039123 0.987878
0.039124 0.987867
0.039125 0.987856
0.039126 0.987845
0.039127 0.987834
0.039128 0.987823
0.039129 0.987812
0.03913 0.987801
0.039131 0.98779
0.039132 0.987779
0.039133 0.987768
0.039134 0.987757
0.039135 0.987746
0.039136 0.987735
0.039137 0.987724
0.039138 0.987714
0.039139 0.987703
0.03914 0.987692
0.039141 0.987681
0.039142 0.98767
0.039143 0.987659
0.039144 0.987648
0.039145 0.987638
0.039146 0.987627
0.039147 0.987616
0.039148 0.987605
0.039149 0.987595
0.03915 0.987584
0.039151 0.987573
0.039152 0.987562
0.039153 0.987552
0.039154 0.987541
0.039155 0.98753
0.039156 0.987519
0.039157 0.987509
0.039158 0.987498
0.039159 0.987487
0.03916 0.987477
0.039161 0.987466
0.039162 0.987456
0.039163 0.987445
0.039164 0.987434
0.039165 0.987424
0.039166 0.987413
0.039167 0.987403
0.039168 0.987392
0.039169 0.987381
0.03917 0.987371
0.039171 0.98736
0.039172 0.98735
0.039173 0.987339
0.039174 0.987329
0.039175 0.987318
0.039176 0.987308
0.039177 0.987297
0.039178 0.987287
0.039179 0.987276
0.03918 0.987266
0.039181 0.987256
0.039182 0.987245
0.039183 0.987235
0.039184 0.987224
0.039185 0.987214
0.039186 0.987204
0.039187 0.987193
0.039188 0.987183
0.039189 0.987173
0.03919 0.987162
0.039191 0.987152
0.039192 0.987142
0.039193 0.987131
0.039194 0.987121
0.039195 0.987111
0.039196 0.987101
0.039197 0.98709
0.039198 0.98708
0.039199 0.98707
0.0392 0.98706
0.039201 0.987049
0.039202 0.987039
0.039203 0.987029
0.039204 0.987019
0.039205 0.987009
0.039206 0.986998
0.039207 0.986988
0.039208 0.986978
0.039209 0.986968
0.03921 0.986958
0.039211 0.986948
0.039212 0.986938
0.039213 0.986928
0.039214 0.986918
0.039215 0.986908
0.039216 0.986898
0.039217 0.986887
0.039218 0.986877
0.039219 0.986867
0.03922 0.986857
0.039221 0.986847
0.039222 0.986837
0.039223 0.986827
0.039224 0.986818
0.039225 0.986808
0.039226 0.986798
0.039227 0.986788
0.039228 0.986778
0.039229 0.986768
0.03923 0.986758
0.039231 0.986748
0.039232 0.986738
0.039233 0.986728
0.039234 0.986718
0.039235 0.986709
0.039236 0.986699
0.039237 0.986689
0.039238 0.986679
0.039239 0.986669
0.03924 0.98666
0.039241 0.98665
0.039242 0.98664
0.039243 0.98663
0.039244 0.986621
0.039245 0.986611
0.039246 0.986601
0.039247 0.986591
0.039248 0.986582
0.039249 0.986572
0.03925 0.986562
0.039251 0.986553
0.039252 0.986543
0.039253 0.986533
0.039254 0.986524
0.039255 0.986514
0.039256 0.986504
0.039257 0.986495
0.039258 0.986485
0.039259 0.986476
0.03926 0.986466
0.039261 0.986456
0.039262 0.986447
0.039263 0.986437
0.039264 0.986428
0.039265 0.986418
0.039266 0.986409
0.039267 0.986399
0.039268 0.98639
0.039269 0.98638
0.03927 0.986371
0.039271 0.986361
0.039272 0.986352
0.039273 0.986343
0.039274 0.986333
0.039275 0.986324
0.039276 0.986314
0.039277 0.986305
0.039278 0.986296
0.039279 0.986286
0.03928 0.986277
0.039281 0.986267
0.039282 0.986258
0.039283 0.986249
0.039284 0.98624
0.039285 0.98623
0.039286 0.986221
0.039287 0.986212
0.039288 0.986202
0.039289 0.986193
0.03929 0.986184
0.039291 0.986175
0.039292 0.986165
0.039293 0.986156
0.039294 0.986147
0.039295 0.986138
0.039296 0.986129
0.039297 0.986119
0.039298 0.98611
0.039299 0.986101
0.0393 0.986092
0.039301 0.986083
0.039302 0.986074
0.039303 0.986065
0.039304 0.986056
0.039305 0.986046
0.039306 0.986037
0.039307 0.986028
0.039308 0.986019
0.039309 0.98601
0.03931 0.986001
0.039311 0.985992
0.039312 0.985983
0.039313 0.985974
0.039314 0.985965
0.039315 0.985956
0.039316 0.985947
0.039317 0.985938
0.039318 0.985929
0.039319 0.98592
0.03932 0.985911
0.039321 0.985903
0.039322 0.985894
0.039323 0.985885
0.039324 0.985876
0.039325 0.985867
0.039326 0.985858
0.039327 0.985849
0.039328 0.98584
0.039329 0.985832
0.03933 0.985823
0.039331 0.985814
0.039332 0.985805
0.039333 0.985796
0.039334 0.985788
0.039335 0.985779
0.039336 0.98577
0.039337 0.985761
0.039338 0.985753
0.039339 0.985744
0.03934 0.985735
0.039341 0.985727
0.039342 0.985718
0.039343 0.985709
0.039344 0.985701
0.039345 0.985692
0.039346 0.985683
0.039347 0.985675
0.039348 0.985666
0.039349 0.985657
0.03935 0.985649
0.039351 0.98564
0.039352 0.985632
0.039353 0.985623
0.039354 0.985615
0.039355 0.985606
0.039356 0.985598
0.039357 0.985589
0.039358 0.985581
0.039359 0.985572
0.03936 0.985564
0.039361 0.985555
0.039362 0.985547
0.039363 0.985538
0.039364 0.98553
0.039365 0.985521
0.039366 0.985513
0.039367 0.985504
0.039368 0.985496
0.039369 0.985488
0.03937 0.985479
0.039371 0.985471
0.039372 0.985463
0.039373 0.985454
0.039374 0.985446
0.039375 0.985438
0.039376 0.985429
0.039377 0.985421
0.039378 0.985413
0.039379 0.985404
0.03938 0.985396
0.039381 0.985388
0.039382 0.98538
0.039383 0.985371
0.039384 0.985363
0.039385 0.985355
0.039386 0.985347
0.039387 0.985339
0.039388 0.98533
0.039389 0.985322
0.03939 0.985314
0.039391 0.985306
0.039392 0.985298
0.039393 0.98529
0.039394 0.985282
0.039395 0.985274
0.039396 0.985265
0.039397 0.985257
0.039398 0.985249
0.039399 0.985241
0.0394 0.985233
0.039401 0.985225
0.039402 0.985217
0.039403 0.985209
0.039404 0.985201
0.039405 0.985193
0.039406 0.985185
0.039407 0.985177
0.039408 0.985169
0.039409 0.985161
0.03941 0.985153
0.039411 0.985145
0.039412 0.985138
0.039413 0.98513
0.039414 0.985122
0.039415 0.985114
0.039416 0.985106
0.039417 0.985098
0.039418 0.98509
0.039419 0.985082
0.03942 0.985075
0.039421 0.985067
0.039422 0.985059
0.039423 0.985051
0.039424 0.985043
0.039425 0.985036
0.039426 0.985028
0.039427 0.98502
0.039428 0.985012
0.039429 0.985005
0.03943 0.984997
0.039431 0.984989
0.039432 0.984982
0.039433 0.984974
0.039434 0.984966
0.039435 0.984959
0.039436 0.984951
0.039437 0.984943
0.039438 0.984936
0.039439 0.984928
0.03944 0.98492
0.039441 0.984913
0.039442 0.984905
0.039443 0.984898
0.039444 0.98489
0.039445 0.984883
0.039446 0.984875
0.039447 0.984868
0.039448 0.98486
0.039449 0.984853
0.03945 0.984845
0.039451 0.984838
0.039452 0.98483
0.039453 0.984823
0.039454 0.984815
0.039455 0.984808
0.039456 0.9848
0.039457 0.984793
0.039458 0.984786
0.039459 0.984778
0.03946 0.984771
0.039461 0.984763
0.039462 0.984756
0.039463 0.984749
0.039464 0.984741
0.039465 0.984734
0.039466 0.984727
0.039467 0.984719
0.039468 0.984712
0.039469 0.984705
0.03947 0.984698
0.039471 0.98469
0.039472 0.984683
0.039473 0.984676
0.039474 0.984669
0.039475 0.984661
0.039476 0.984654
0.039477 0.984647
0.039478 0.98464
0.039479 0.984633
0.03948 0.984626
0.039481 0.984618
0.039482 0.984611
0.039483 0.984604
0.039484 0.984597
0.039485 0.98459
0.039486 0.984583
0.039487 0.984576
0.039488 0.984569
0.039489 0.984562
0.03949 0.984555
0.039491 0.984548
0.039492 0.984541
0.039493 0.984533
0.039494 0.984526
0.039495 0.98452
0.039496 0.984513
0.039497 0.984506
0.039498 0.984499
0.039499 0.984492
0.0395 0.984485
0.039501 0.984478
0.039502 0.984471
0.039503 0.984464
0.039504 0.984457
0.039505 0.98445
0.039506 0.984443
0.039507 0.984436
0.039508 0.98443
0.039509 0.984423
0.03951 0.984416
0.039511 0.984409
0.039512 0.984402
0.039513 0.984396
0.039514 0.984389
0.039515 0.984382
0.039516 0.984375
0.039517 0.984369
0.039518 0.984362
0.039519 0.984355
0.03952 0.984348
0.039521 0.984342
0.039522 0.984335
0.039523 0.984328
0.039524 0.984322
0.039525 0.984315
0.039526 0.984308
0.039527 0.984302
0.039528 0.984295
0.039529 0.984289
0.03953 0.984282
0.039531 0.984275
0.039532 0.984269
0.039533 0.984262
0.039534 0.984256
0.039535 0.984249
0.039536 0.984243
0.039537 0.984236
0.039538 0.98423
0.039539 0.984223
0.03954 0.984217
0.039541 0.98421
0.039542 0.984204
0.039543 0.984197
0.039544 0.984191
0.039545 0.984184
0.039546 0.984178
0.039547 0.984171
0.039548 0.984165
0.039549 0.984159
0.03955 0.984152
0.039551 0.984146
0.039552 0.98414
0.039553 0.984133
0.039554 0.984127
0.039555 0.984121
0.039556 0.984114
0.039557 0.984108
0.039558 0.984102
0.039559 0.984095
0.03956 0.984089
0.039561 0.984083
0.039562 0.984077
0.039563 0.98407
0.039564 0.984064
0.039565 0.984058
0.039566 0.984052
0.039567 0.984046
0.039568 0.98404
0.039569 0.984033
0.03957 0.984027
0.039571 0.984021
0.039572 0.984015
0.039573 0.984009
0.039574 0.984003
0.039575 0.983997
0.039576 0.983991
0.039577 0.983984
0.039578 0.983978
0.039579 0.983972
0.03958 0.983966
0.039581 0.98396
0.039582 0.983954
0.039583 0.983948
0.039584 0.983942
0.039585 0.983936
0.039586 0.98393
0.039587 0.983924
0.039588 0.983918
0.039589 0.983913
0.03959 0.983907
0.039591 0.983901
0.039592 0.983895
0.039593 0.983889
0.039594 0.983883
0.039595 0.983877
0.039596 0.983871
0.039597 0.983865
0.039598 0.98386
0.039599 0.983854
0.0396 0.983848
0.039601 0.983842
0.039602 0.983836
0.039603 0.983831
0.039604 0.983825
0.039605 0.983819
0.039606 0.983813
0.039607 0.983808
0.039608 0.983802
0.039609 0.983796
0.03961 0.983791
0.039611 0.983785
0.039612 0.983779
0.039613 0.983774
0.039614 0.983768
0.039615 0.983762
0.039616 0.983757
0.039617 0.983751
0.039618 0.983745
0.039619 0.98374
0.03962 0.983734
0.039621 0.983729
0.039622 0.983723
0.039623 0.983718
0.039624 0.983712
0.039625 0.983706
0.039626 0.983701
0.039627 0.983695
0.039628 0.98369
0.039629 0.983684
0.03963 0.983679
0.039631 0.983674
0.039632 0.983668
0.039633 0.983663
0.039634 0.983657
0.039635 0.983652
0.039636 0.983646
0.039637 0.983641
0.039638 0.983636
0.039639 0.98363
0.03964 0.983625
0.039641 0.98362
0.039642 0.983614
0.039643 0.983609
0.039644 0.983604
0.039645 0.983598
0.039646 0.983593
0.039647 0.983588
0.039648 0.983583
0.039649 0.983577
0.03965 0.983572
0.039651 0.983567
0.039652 0.983562
0.039653 0.983556
0.039654 0.983551
0.039655 0.983546
0.039656 0.983541
0.039657 0.983536
0.039658 0.983531
0.039659 0.983525
0.03966 0.98352
0.039661 0.983515
0.039662 0.98351
0.039663 0.983505
0.039664 0.9835
0.039665 0.983495
0.039666 0.98349
0.039667 0.983485
0.039668 0.98348
0.039669 0.983475
0.03967 0.98347
0.039671 0.983465
0.039672 0.98346
0.039673 0.983455
0.039674 0.98345
0.039675 0.983445
0.039676 0.98344
0.039677 0.983435
0.039678 0.98343
0.039679 0.983425
0.03968 0.98342
0.039681 0.983415
0.039682 0.98341
0.039683 0.983405
0.039684 0.983401
0.039685 0.983396
0.039686 0.983391
0.039687 0.983386
0.039688 0.983381
0.039689 0.983377
0.03969 0.983372
0.039691 0.983367
0.039692 0.983362
0.039693 0.983357
0.039694 0.983353
0.039695 0.983348
0.039696 0.983343
0.039697 0.983339
0.039698 0.983334
0.039699 0.983329
0.0397 0.983325
0.039701 0.98332
0.039702 0.983315
0.039703 0.983311
0.039704 0.983306
0.039705 0.983301
0.039706 0.983297
0.039707 0.983292
0.039708 0.983288
0.039709 0.983283
0.03971 0.983278
0.039711 0.983274
0.039712 0.983269
0.039713 0.983265
0.039714 0.98326
0.039715 0.983256
0.039716 0.983251
0.039717 0.983247
0.039718 0.983242
0.039719 0.983238
0.03972 0.983234
0.039721 0.983229
0.039722 0.983225
0.039723 0.98322
0.039724 0.983216
0.039725 0.983212
0.039726 0.983207
0.039727 0.983203
0.039728 0.983198
0.039729 0.983194
0.03973 0.98319
0.039731 0.983185
0.039732 0.983181
0.039733 0.983177
0.039734 0.983173
0.039735 0.983168
0.039736 0.983164
0.039737 0.98316
0.039738 0.983156
0.039739 0.983151
0.03974 0.983147
0.039741 0.983143
0.039742 0.983139
0.039743 0.983135
0.039744 0.98313
0.039745 0.983126
0.039746 0.983122
0.039747 0.983118
0.039748 0.983114
0.039749 0.98311
0.03975 0.983106
0.039751 0.983102
0.039752 0.983098
0.039753 0.983094
0.039754 0.983089
0.039755 0.983085
0.039756 0.983081
0.039757 0.983077
0.039758 0.983073
0.039759 0.983069
0.03976 0.983065
0.039761 0.983061
0.039762 0.983058
0.039763 0.983054
0.039764 0.98305
0.039765 0.983046
0.039766 0.983042
0.039767 0.983038
0.039768 0.983034
0.039769 0.98303
0.03977 0.983026
0.039771 0.983022
0.039772 0.983019
0.039773 0.983015
0.039774 0.983011
0.039775 0.983007
0.039776 0.983003
0.039777 0.983
0.039778 0.982996
0.039779 0.982992
0.03978 0.982988
0.039781 0.982985
0.039782 0.982981
0.039783 0.982977
0.039784 0.982973
0.039785 0.98297
0.039786 0.982966
0.039787 0.982962
0.039788 0.982959
0.039789 0.982955
0.03979 0.982951
0.039791 0.982948
0.039792 0.982944
0.039793 0.982941
0.039794 0.982937
0.039795 0.982934
0.039796 0.98293
0.039797 0.982926
0.039798 0.982923
0.039799 0.982919
0.0398 0.982916
0.039801 0.982912
0.039802 0.982909
0.039803 0.982905
0.039804 0.982902
0.039805 0.982898
0.039806 0.982895
0.039807 0.982892
0.039808 0.982888
0.039809 0.982885
0.03981 0.982881
0.039811 0.982878
0.039812 0.982875
0.039813 0.982871
0.039814 0.982868
0.039815 0.982865
0.039816 0.982861
0.039817 0.982858
0.039818 0.982855
0.039819 0.982851
0.03982 0.982848
0.039821 0.982845
0.039822 0.982841
0.039823 0.982838
0.039824 0.982835
0.039825 0.982832
0.039826 0.982829
0.039827 0.982825
0.039828 0.982822
0.039829 0.982819
0.03983 0.982816
0.039831 0.982813
0.039832 0.98281
0.039833 0.982806
0.039834 0.982803
0.039835 0.9828
0.039836 0.982797
0.039837 0.982794
0.039838 0.982791
0.039839 0.982788
0.03984 0.982785
0.039841 0.982782
0.039842 0.982779
0.039843 0.982776
0.039844 0.982773
0.039845 0.98277
0.039846 0.982767
0.039847 0.982764
0.039848 0.982761
0.039849 0.982758
0.03985 0.982755
0.039851 0.982752
0.039852 0.982749
0.039853 0.982746
0.039854 0.982743
0.039855 0.98274
0.039856 0.982738
0.039857 0.982735
0.039858 0.982732
0.039859 0.982729
0.03986 0.982726
0.039861 0.982723
0.039862 0.982721
0.039863 0.982718
0.039864 0.982715
0.039865 0.982712
0.039866 0.98271
0.039867 0.982707
0.039868 0.982704
0.039869 0.982702
0.03987 0.982699
0.039871 0.982696
0.039872 0.982693
0.039873 0.982691
0.039874 0.982688
0.039875 0.982685
0.039876 0.982683
0.039877 0.98268
0.039878 0.982678
0.039879 0.982675
0.03988 0.982672
0.039881 0.98267
0.039882 0.982667
0.039883 0.982665
0.039884 0.982662
0.039885 0.98266
0.039886 0.982657
0.039887 0.982655
0.039888 0.982652
0.039889 0.98265
0.03989 0.982647
0.039891 0.982645
0.039892 0.982642
0.039893 0.98264
0.039894 0.982638
0.039895 0.982635
0.039896 0.982633
0.039897 0.98263
0.039898 0.982628
0.039899 0.982626
0.0399 0.982623
0.039901 0.982621
0.039902 0.982619
0.039903 0.982616
0.039904 0.982614
0.039905 0.982612
0.039906 0.98261
0.039907 0.982607
0.039908 0.982605
0.039909 0.982603
0.03991 0.982601
0.039911 0.982598
0.039912 0.982596
0.039913 0.982594
0.039914 0.982592
0.039915 0.98259
0.039916 0.982587
0.039917 0.982585
0.039918 0.982583
0.039919 0.982581
0.03992 0.982579
0.039921 0.982577
0.039922 0.982575
0.039923 0.982573
0.039924 0.982571
0.039925 0.982569
0.039926 0.982567
0.039927 0.982565
0.039928 0.982563
0.039929 0.982561
0.03993 0.982559
0.039931 0.982557
0.039932 0.982555
0.039933 0.982553
0.039934 0.982551
0.039935 0.982549
0.039936 0.982547
0.039937 0.982545
0.039938 0.982543
0.039939 0.982541
0.03994 0.982539
0.039941 0.982537
0.039942 0.982536
0.039943 0.982534
0.039944 0.982532
0.039945 0.98253
0.039946 0.982528
0.039947 0.982527
0.039948 0.982525
0.039949 0.982523
0.03995 0.982521
0.039951 0.982519
0.039952 0.982518
0.039953 0.982516
0.039954 0.982514
0.039955 0.982513
0.039956 0.982511
0.039957 0.982509
0.039958 0.982508
0.039959 0.982506
0.03996 0.982504
0.039961 0.982503
0.039962 0.982501
0.039963 0.9825
0.039964 0.982498
0.039965 0.982496
0.039966 0.982495
0.039967 0.982493
0.039968 0.982492
0.039969 0.98249
0.03997 0.982489
0.039971 0.982487
0.039972 0.982486
0.039973 0.982484
0.039974 0.982483
0.039975 0.982481
0.039976 0.98248
0.039977 0.982478
0.039978 0.982477
0.039979 0.982476
0.03998 0.982474
0.039981 0.982473
0.039982 0.982471
0.039983 0.98247
0.039984 0.982469
0.039985 0.982467
0.039986 0.982466
0.039987 0.982465
0.039988 0.982463
0.039989 0.982462
0.03999 0.982461
0.039991 0.98246
0.039992 0.982458
0.039993 0.982457
0.039994 0.982456
0.039995 0.982455
0.039996 0.982453
0.039997 0.982452
0.039998 0.982451
0.039999 0.98245
0.04 0.982449
0.040001 0.982448
0.040002 0.982446
0.040003 0.982445
0.040004 0.982444
0.040005 0.982443
0.040006 0.982442
0.040007 0.982441
0.040008 0.98244
0.040009 0.982439
0.04001 0.982438
0.040011 0.982437
0.040012 0.982436
0.040013 0.982435
0.040014 0.982434
0.040015 0.982433
0.040016 0.982432
0.040017 0.982431
0.040018 0.98243
0.040019 0.982429
0.04002 0.982428
0.040021 0.982427
0.040022 0.982426
0.040023 0.982425
0.040024 0.982424
0.040025 0.982424
0.040026 0.982423
0.040027 0.982422
0.040028 0.982421
0.040029 0.98242
0.04003 0.98242
0.040031 0.982419
0.040032 0.982418
0.040033 0.982417
0.040034 0.982416
0.040035 0.982416
0.040036 0.982415
0.040037 0.982414
0.040038 0.982414
0.040039 0.982413
0.04004 0.982412
0.040041 0.982411
0.040042 0.982411
0.040043 0.98241
0.040044 0.98241
0.040045 0.982409
0.040046 0.982408
0.040047 0.982408
0.040048 0.982407
0.040049 0.982407
0.04005 0.982406
0.040051 0.982405
0.040052 0.982405
0.040053 0.982404
0.040054 0.982404
0.040055 0.982403
0.040056 0.982403
0.040057 0.982402
0.040058 0.982402
0.040059 0.982402
0.04006 0.982401
0.040061 0.982401
0.040062 0.9824
0.040063 0.9824
0.040064 0.982399
0.040065 0.982399
0.040066 0.982399
0.040067 0.982398
0.040068 0.982398
0.040069 0.982398
0.04007 0.982397
0.040071 0.982397
0.040072 0.982397
0.040073 0.982396
0.040074 0.982396
0.040075 0.982396
0.040076 0.982396
0.040077 0.982395
0.040078 0.982395
0.040079 0.982395
0.04008 0.982395
0.040081 0.982395
0.040082 0.982394
0.040083 0.982394
0.040084 0.982394
0.040085 0.982394
0.040086 0.982394
0.040087 0.982394
0.040088 0.982394
0.040089 0.982394
0.04009 0.982393
0.040091 0.982393
0.040092 0.982393
0.040093 0.982393
0.040094 0.982393
0.040095 0.982393
0.040096 0.982393
0.040097 0.982393
0.040098 0.982393
0.040099 0.982393
0.0401 0.982393
0.040101 0.982393
0.040102 0.982393
0.040103 0.982394
0.040104 0.982394
0.040105 0.982394
0.040106 0.982394
0.040107 0.982394
0.040108 0.982394
0.040109 0.982394
0.04011 0.982394
0.040111 0.982395
0.040112 0.982395
0.040113 0.982395
0.040114 0.982395
0.040115 0.982395
0.040116 0.982396
0.040117 0.982396
0.040118 0.982396
0.040119 0.982396
0.04012 0.982397
0.040121 0.982397
0.040122 0.982397
0.040123 0.982398
0.040124 0.982398
0.040125 0.982398
0.040126 0.982399
0.040127 0.982399
0.040128 0.982399
0.040129 0.9824
0.04013 0.9824
0.040131 0.982401
0.040132 0.982401
0.040133 0.982402
0.040134 0.982402
0.040135 0.982402
0.040136 0.982403
0.040137 0.982403
0.040138 0.982404
0.040139 0.982404
0.04014 0.982405
0.040141 0.982406
0.040142 0.982406
0.040143 0.982407
0.040144 0.982407
0.040145 0.982408
0.040146 0.982408
0.040147 0.982409
0.040148 0.98241
0.040149 0.98241
0.04015 0.982411
0.040151 0.982412
0.040152 0.982412
0.040153 0.982413
0.040154 0.982414
0.040155 0.982414
0.040156 0.982415
0.040157 0.982416
0.040158 0.982417
0.040159 0.982417
0.04016 0.982418
0.040161 0.982419
0.040162 0.98242
0.040163 0.98242
0.040164 0.982421
0.040165 0.982422
0.040166 0.982423
0.040167 0.982424
0.040168 0.982425
0.040169 0.982426
0.04017 0.982426
0.040171 0.982427
0.040172 0.982428
0.040173 0.982429
0.040174 0.98243
0.040175 0.982431
0.040176 0.982432
0.040177 0.982433
0.040178 0.982434
0.040179 0.982435
0.04018 0.982436
0.040181 0.982437
0.040182 0.982438
0.040183 0.982439
0.040184 0.98244
0.040185 0.982441
0.040186 0.982442
0.040187 0.982444
0.040188 0.982445
0.040189 0.982446
0.04019 0.982447
0.040191 0.982448
0.040192 0.982449
0.040193 0.98245
0.040194 0.982452
0.040195 0.982453
0.040196 0.982454
0.040197 0.982455
0.040198 0.982456
0.040199 0.982458
0.0402 0.982459
0.040201 0.98246
0.040202 0.982461
0.040203 0.982463
0.040204 0.982464
0.040205 0.982465
0.040206 0.982467
0.040207 0.982468
0.040208 0.982469
0.040209 0.982471
0.04021 0.982472
0.040211 0.982474
0.040212 0.982475
0.040213 0.982476
0.040214 0.982478
0.040215 0.982479
0.040216 0.982481
0.040217 0.982482
0.040218 0.982484
0.040219 0.982485
0.04022 0.982487
0.040221 0.982488
0.040222 0.98249
0.040223 0.982491
0.040224 0.982493
0.040225 0.982494
0.040226 0.982496
0.040227 0.982498
0.040228 0.982499
0.040229 0.982501
0.04023 0.982502
0.040231 0.982504
0.040232 0.982506
0.040233 0.982507
0.040234 0.982509
0.040235 0.982511
0.040236 0.982512
0.040237 0.982514
0.040238 0.982516
0.040239 0.982518
0.04024 0.982519
0.040241 0.982521
0.040242 0.982523
0.040243 0.982525
0.040244 0.982526
0.040245 0.982528
0.040246 0.98253
0.040247 0.982532
0.040248 0.982534
0.040249 0.982536
0.04025 0.982538
0.040251 0.982539
0.040252 0.982541
0.040253 0.982543
0.040254 0.982545
0.040255 0.982547
0.040256 0.982549
0.040257 0.982551
0.040258 0.982553
0.040259 0.982555
0.04026 0.982557
0.040261 0.982559
0.040262 0.982561
0.040263 0.982563
0.040264 0.982565
0.040265 0.982567
0.040266 0.982569
0.040267 0.982571
0.040268 0.982573
0.040269 0.982575
0.04027 0.982578
0.040271 0.98258
0.040272 0.982582
0.040273 0.982584
0.040274 0.982586
0.040275 0.982588
0.040276 0.982591
0.040277 0.982593
0.040278 0.982595
0.040279 0.982597
0.04028 0.982599
0.040281 0.982602
0.040282 0.982604
0.040283 0.982606
0.040284 0.982609
0.040285 0.982611
0.040286 0.982613
0.040287 0.982616
0.040288 0.982618
0.040289 0.98262
0.04029 0.982623
0.040291 0.982625
0.040292 0.982627
0.040293 0.98263
0.040294 0.982632
0.040295 0.982635
0.040296 0.982637
0.040297 0.98264
0.040298 0.982642
0.040299 0.982644
0.0403 0.982647
0.040301 0.982649
0.040302 0.982652
0.040303 0.982655
0.040304 0.982657
0.040305 0.98266
0.040306 0.982662
0.040307 0.982665
0.040308 0.982667
0.040309 0.98267
0.04031 0.982673
0.040311 0.982675
0.040312 0.982678
0.040313 0.982681
0.040314 0.982683
0.040315 0.982686
0.040316 0.982689
0.040317 0.982691
0.040318 0.982694
0.040319 0.982697
0.04032 0.982699
0.040321 0.982702
0.040322 0.982705
0.040323 0.982708
0.040324 0.982711
0.040325 0.982713
0.040326 0.982716
0.040327 0.982719
0.040328 0.982722
0.040329 0.982725
0.04033 0.982728
0.040331 0.98273
0.040332 0.982733
0.040333 0.982736
0.040334 0.982739
0.040335 0.982742
0.040336 0.982745
0.040337 0.982748
0.040338 0.982751
0.040339 0.982754
0.04034 0.982757
0.040341 0.98276
0.040342 0.982763
0.040343 0.982766
0.040344 0.982769
0.040345 0.982772
0.040346 0.982775
0.040347 0.982778
0.040348 0.982781
0.040349 0.982784
0.04035 0.982787
0.040351 0.982791
0.040352 0.982794
0.040353 0.982797
0.040354 0.9828
0.040355 0.982803
0.040356 0.982806
0.040357 0.98281
0.040358 0.982813
0.040359 0.982816
0.04036 0.982819
0.040361 0.982823
0.040362 0.982826
0.040363 0.982829
0.040364 0.982832
0.040365 0.982836
0.040366 0.982839
0.040367 0.982842
0.040368 0.982846
0.040369 0.982849
0.04037 0.982852
0.040371 0.982856
0.040372 0.982859
0.040373 0.982862
0.040374 0.982866
0.040375 0.982869
0.040376 0.982873
0.040377 0.982876
0.040378 0.98288
0.040379 0.982883
0.04038 0.982887
0.040381 0.98289
0.040382 0.982894
0.040383 0.982897
0.040384 0.982901
0.040385 0.982904
0.040386 0.982908
0.040387 0.982911
0.040388 0.982915
0.040389 0.982919
0.04039 0.982922
0.040391 0.982926
0.040392 0.98293
0.040393 0.982933
0.040394 0.982937
0.040395 0.982941
0.040396 0.982944
0.040397 0.982948
0.040398 0.982952
0.040399 0.982955
0.0404 0.982959
0.040401 0.982963
0.040402 0.982967
0.040403 0.98297
0.040404 0.982974
0.040405 0.982978
0.040406 0.982982
0.040407 0.982986
0.040408 0.982989
0.040409 0.982993
0.04041 0.982997
0.040411 0.983001
0.040412 0.983005
0.040413 0.983009
0.040414 0.983013
0.040415 0.983017
0.040416 0.983021
0.040417 0.983025
0.040418 0.983029
0.040419 0.983033
0.04042 0.983037
0.040421 0.983041
0.040422 0.983045
0.040423 0.983049
0.040424 0.983053
0.040425 0.983057
0.040426 0.983061
0.040427 0.983065
0.040428 0.983069
0.040429 0.983073
0.04043 0.983077
0.040431 0.983081
0.040432 0.983085
0.040433 0.98309
0.040434 0.983094
0.040435 0.983098
0.040436 0.983102
0.040437 0.983106
0.040438 0.983111
0.040439 0.983115
0.04044 0.983119
0.040441 0.983123
0.040442 0.983128
0.040443 0.983132
0.040444 0.983136
0.040445 0.98314
0.040446 0.983145
0.040447 0.983149
0.040448 0.983153
0.040449 0.983158
0.04045 0.983162
0.040451 0.983167
0.040452 0.983171
0.040453 0.983175
0.040454 0.98318
0.040455 0.983184
0.040456 0.983189
0.040457 0.983193
0.040458 0.983198
0.040459 0.983202
0.04046 0.983207
0.040461 0.983211
0.040462 0.983216
0.040463 0.98322
0.040464 0.983225
0.040465 0.983229
0.040466 0.983234
0.040467 0.983238
0.040468 0.983243
0.040469 0.983248
0.04047 0.983252
0.040471 0.983257
0.040472 0.983262
0.040473 0.983266
0.040474 0.983271
0.040475 0.983276
0.040476 0.98328
0.040477 0.983285
0.040478 0.98329
0.040479 0.983294
0.04048 0.983299
0.040481 0.983304
0.040482 0.983309
0.040483 0.983313
0.040484 0.983318
0.040485 0.983323
0.040486 0.983328
0.040487 0.983333
0.040488 0.983338
0.040489 0.983342
0.04049 0.983347
0.040491 0.983352
0.040492 0.983357
0.040493 0.983362
0.040494 0.983367
0.040495 0.983372
0.040496 0.983377
0.040497 0.983382
0.040498 0.983387
0.040499 0.983392
0.0405 0.983397
0.040501 0.983402
0.040502 0.983407
0.040503 0.983412
0.040504 0.983417
0.040505 0.983422
0.040506 0.983427
0.040507 0.983432
0.040508 0.983437
0.040509 0.983442
0.04051 0.983448
0.040511 0.983453
0.040512 0.983458
0.040513 0.983463
0.040514 0.983468
0.040515 0.983473
0.040516 0.983479
0.040517 0.983484
0.040518 0.983489
0.040519 0.983494
0.04052 0.9835
0.040521 0.983505
0.040522 0.98351
0.040523 0.983515
0.040524 0.983521
0.040525 0.983526
0.040526 0.983531
0.040527 0.983537
0.040528 0.983542
0.040529 0.983548
0.04053 0.983553
0.040531 0.983558
0.040532 0.983564
0.040533 0.983569
0.040534 0.983575
0.040535 0.98358
0.040536 0.983586
0.040537 0.983591
0.040538 0.983596
0.040539 0.983602
0.04054 0.983608
0.040541 0.983613
0.040542 0.983619
0.040543 0.983624
0.040544 0.98363
0.040545 0.983635
0.040546 0.983641
0.040547 0.983646
0.040548 0.983652
0.040549 0.983658
0.04055 0.983663
0.040551 0.983669
0.040552 0.983675
0.040553 0.98368
0.040554 0.983686
0.040555 0.983692
0.040556 0.983697
0.040557 0.983703
0.040558 0.983709
0.040559 0.983715
0.04056 0.983721
0.040561 0.983726
0.040562 0.983732
0.040563 0.983738
0.040564 0.983744
0.040565 0.98375
0.040566 0.983755
0.040567 0.983761
0.040568 0.983767
0.040569 0.983773
0.04057 0.983779
0.040571 0.983785
0.040572 0.983791
0.040573 0.983797
0.040574 0.983803
0.040575 0.983809
0.040576 0.983815
0.040577 0.983821
0.040578 0.983827
0.040579 0.983833
0.04058 0.983839
0.040581 0.983845
0.040582 0.983851
0.040583 0.983857
0.040584 0.983863
0.040585 0.983869
0.040586 0.983875
0.040587 0.983881
0.040588 0.983887
0.040589 0.983893
0.04059 0.9839
0.040591 0.983906
0.040592 0.983912
0.040593 0.983918
0.040594 0.983924
0.040595 0.983931
0.040596 0.983937
0.040597 0.983943
0.040598 0.983949
0.040599 0.983956
0.0406 0.983962
0.040601 0.983968
0.040602 0.983975
0.040603 0.983981
0.040604 0.983987
0.040605 0.983994
0.040606 0.984
0.040607 0.984006
0.040608 0.984013
0.040609 0.984019
0.04061 0.984025
0.040611 0.984032
0.040612 0.984038
0.040613 0.984045
0.040614 0.984051
0.040615 0.984058
0.040616 0.984064
0.040617 0.984071
0.040618 0.984077
0.040619 0.984084
0.04062 0.98409
0.040621 0.984097
0.040622 0.984103
0.040623 0.98411
0.040624 0.984117
0.040625 0.984123
0.040626 0.98413
0.040627 0.984137
0.040628 0.984143
0.040629 0.98415
0.04063 0.984156
0.040631 0.984163
0.040632 0.98417
0.040633 0.984177
0.040634 0.984183
0.040635 0.98419
0.040636 0.984197
0.040637 0.984204
0.040638 0.98421
0.040639 0.984217
0.04064 0.984224
0.040641 0.984231
0.040642 0.984238
0.040643 0.984244
0.040644 0.984251
0.040645 0.984258
0.040646 0.984265
0.040647 0.984272
0.040648 0.984279
0.040649 0.984286
0.04065 0.984293
0.040651 0.9843
0.040652 0.984307
0.040653 0.984314
0.040654 0.984321
0.040655 0.984328
0.040656 0.984335
0.040657 0.984342
0.040658 0.984349
0.040659 0.984356
0.04066 0.984363
0.040661 0.98437
0.040662 0.984377
0.040663 0.984384
0.040664 0.984391
0.040665 0.984398
0.040666 0.984405
0.040667 0.984413
0.040668 0.98442
0.040669 0.984427
0.04067 0.984434
0.040671 0.984441
0.040672 0.984448
0.040673 0.984456
0.040674 0.984463
0.040675 0.98447
0.040676 0.984477
0.040677 0.984485
0.040678 0.984492
0.040679 0.984499
0.04068 0.984507
0.040681 0.984514
0.040682 0.984521
0.040683 0.984529
0.040684 0.984536
0.040685 0.984544
0.040686 0.984551
0.040687 0.984558
0.040688 0.984566
0.040689 0.984573
0.04069 0.984581
0.040691 0.984588
0.040692 0.984596
0.040693 0.984603
0.040694 0.984611
0.040695 0.984618
0.040696 0.984626
0.040697 0.984633
0.040698 0.984641
0.040699 0.984648
0.0407 0.984656
0.040701 0.984663
0.040702 0.984671
0.040703 0.984679
0.040704 0.984686
0.040705 0.984694
0.040706 0.984702
0.040707 0.984709
0.040708 0.984717
0.040709 0.984725
0.04071 0.984732
0.040711 0.98474
0.040712 0.984748
0.040713 0.984756
0.040714 0.984763
0.040715 0.984771
0.040716 0.984779
0.040717 0.984787
0.040718 0.984795
0.040719 0.984802
0.04072 0.98481
0.040721 0.984818
0.040722 0.984826
0.040723 0.984834
0.040724 0.984842
0.040725 0.98485
0.040726 0.984858
0.040727 0.984866
0.040728 0.984874
0.040729 0.984882
0.04073 0.984889
0.040731 0.984897
0.040732 0.984905
0.040733 0.984913
0.040734 0.984922
0.040735 0.98493
0.040736 0.984938
0.040737 0.984946
0.040738 0.984954
0.040739 0.984962
0.04074 0.98497
0.040741 0.984978
0.040742 0.984986
0.040743 0.984994
0.040744 0.985003
0.040745 0.985011
0.040746 0.985019
0.040747 0.985027
0.040748 0.985035
0.040749 0.985044
0.04075 0.985052
0.040751 0.98506
0.040752 0.985068
0.040753 0.985077
0.040754 0.985085
0.040755 0.985093
0.040756 0.985101
0.040757 0.98511
0.040758 0.985118
0.040759 0.985126
0.04076 0.985135
0.040761 0.985143
0.040762 0.985152
0.040763 0.98516
0.040764 0.985168
0.040765 0.985177
0.040766 0.985185
0.040767 0.985194
0.040768 0.985202
0.040769 0.985211
0.04077 0.985219
0.040771 0.985228
0.040772 0.985236
0.040773 0.985245
0.040774 0.985253
0.040775 0.985262
0.040776 0.985271
0.040777 0.985279
0.040778 0.985288
0.040779 0.985296
0.04078 0.985305
0.040781 0.985314
0.040782 0.985322
0.040783 0.985331
0.040784 0.98534
0.040785 0.985348
0.040786 0.985357
0.040787 0.985366
0.040788 0.985375
0.040789 0.985383
0.04079 0.985392
0.040791 0.985401
0.040792 0.98541
0.040793 0.985418
0.040794 0.985427
0.040795 0.985436
0.040796 0.985445
0.040797 0.985454
0.040798 0.985463
0.040799 0.985472
0.0408 0.98548
0.040801 0.985489
0.040802 0.985498
0.040803 0.985507
0.040804 0.985516
0.040805 0.985525
0.040806 0.985534
0.040807 0.985543
0.040808 0.985552
0.040809 0.985561
0.04081 0.98557
0.040811 0.985579
0.040812 0.985588
0.040813 0.985597
0.040814 0.985606
0.040815 0.985616
0.040816 0.985625
0.040817 0.985634
0.040818 0.985643
0.040819 0.985652
0.04082 0.985661
0.040821 0.98567
0.040822 0.98568
0.040823 0.985689
0.040824 0.985698
0.040825 0.985707
0.040826 0.985716
0.040827 0.985726
0.040828 0.985735
0.040829 0.985744
0.04083 0.985754
0.040831 0.985763
0.040832 0.985772
0.040833 0.985781
0.040834 0.985791
0.040835 0.9858
0.040836 0.98581
0.040837 0.985819
0.040838 0.985828
0.040839 0.985838
0.04084 0.985847
0.040841 0.985857
0.040842 0.985866
0.040843 0.985876
0.040844 0.985885
0.040845 0.985895
0.040846 0.985904
0.040847 0.985914
0.040848 0.985923
0.040849 0.985933
0.04085 0.985942
0.040851 0.985952
0.040852 0.985961
0.040853 0.985971
0.040854 0.985981
0.040855 0.98599
0.040856 0.986
0.040857 0.98601
0.040858 0.986019
0.040859 0.986029
0.04086 0.986039
0.040861 0.986048
0.040862 0.986058
0.040863 0.986068
0.040864 0.986077
0.040865 0.986087
0.040866 0.986097
0.040867 0.986107
0.040868 0.986117
0.040869 0.986126
0.04087 0.986136
0.040871 0.986146
0.040872 0.986156
0.040873 0.986166
0.040874 0.986176
0.040875 0.986186
0.040876 0.986195
0.040877 0.986205
0.040878 0.986215
0.040879 0.986225
0.04088 0.986235
0.040881 0.986245
0.040882 0.986255
0.040883 0.986265
0.040884 0.986275
0.040885 0.986285
0.040886 0.986295
0.040887 0.986305
0.040888 0.986315
0.040889 0.986325
0.04089 0.986336
0.040891 0.986346
0.040892 0.986356
0.040893 0.986366
0.040894 0.986376
0.040895 0.986386
0.040896 0.986396
0.040897 0.986407
0.040898 0.986417
0.040899 0.986427
0.0409 0.986437
0.040901 0.986447
0.040902 0.986458
0.040903 0.986468
0.040904 0.986478
0.040905 0.986489
0.040906 0.986499
0.040907 0.986509
0.040908 0.98652
0.040909 0.98653
0.04091 0.98654
0.040911 0.986551
0.040912 0.986561
0.040913 0.986571
0.040914 0.986582
0.040915 0.986592
0.040916 0.986603
0.040917 0.986613
0.040918 0.986624
0.040919 0.986634
0.04092 0.986645
0.040921 0.986655
0.040922 0.986666
0.040923 0.986676
0.040924 0.986687
0.040925 0.986697
0.040926 0.986708
0.040927 0.986718
0.040928 0.986729
0.040929 0.98674
0.04093 0.98675
0.040931 0.986761
0.040932 0.986772
0.040933 0.986782
0.040934 0.986793
0.040935 0.986804
0.040936 0.986814
0.040937 0.986825
0.040938 0.986836
0.040939 0.986847
0.04094 0.986857
0.040941 0.986868
0.040942 0.986879
0.040943 0.98689
0.040944 0.986901
0.040945 0.986911
0.040946 0.986922
0.040947 0.986933
0.040948 0.986944
0.040949 0.986955
0.04095 0.986966
0.040951 0.986977
0.040952 0.986988
0.040953 0.986999
0.040954 0.98701
0.040955 0.98702
0.040956 0.987031
0.040957 0.987042
0.040958 0.987053
0.040959 0.987064
0.04096 0.987076
0.040961 0.987087
0.040962 0.987098
0.040963 0.987109
0.040964 0.98712
0.040965 0.987131
0.040966 0.987142
0.040967 0.987153
0.040968 0.987164
0.040969 0.987175
0.04097 0.987187
0.040971 0.987198
0.040972 0.987209
0.040973 0.98722
0.040974 0.987231
0.040975 0.987243
0.040976 0.987254
0.040977 0.987265
0.040978 0.987276
0.040979 0.987288
0.04098 0.987299
0.040981 0.98731
0.040982 0.987322
0.040983 0.987333
0.040984 0.987344
0.040985 0.987356
0.040986 0.987367
0.040987 0.987379
0.040988 0.98739
0.040989 0.987401
0.04099 0.987413
0.040991 0.987424
0.040992 0.987436
0.040993 0.987447
0.040994 0.987459
0.040995 0.98747
0.040996 0.987482
0.040997 0.987493
0.040998 0.987505
0.040999 0.987516
0.041 0.987528
0.041001 0.98754
0.041002 0.987551
0.041003 0.987563
0.041004 0.987574
0.041005 0.987586
0.041006 0.987598
0.041007 0.987609
0.041008 0.987621
0.041009 0.987633
0.04101 0.987644
0.041011 0.987656
0.041012 0.987668
0.041013 0.98768
0.041014 0.987691
0.041015 0.987703
0.041016 0.987715
0.041017 0.987727
0.041018 0.987739
0.041019 0.987751
0.04102 0.987762
0.041021 0.987774
0.041022 0.987786
0.041023 0.987798
0.041024 0.98781
0.041025 0.987822
0.041026 0.987834
0.041027 0.987846
0.041028 0.987858
0.041029 0.98787
0.04103 0.987882
0.041031 0.987894
0.041032 0.987906
0.041033 0.987918
0.041034 0.98793
0.041035 0.987942
0.041036 0.987954
0.041037 0.987966
0.041038 0.987978
0.041039 0.98799
0.04104 0.988002
0.041041 0.988014
0.041042 0.988026
0.041043 0.988039
0.041044 0.988051
0.041045 0.988063
0.041046 0.988075
0.041047 0.988087
0.041048 0.9881
0.041049 0.988112
0.04105 0.988124
0.041051 0.988136
0.041052 0.988149
0.041053 0.988161
0.041054 0.988173
0.041055 0.988186
0.041056 0.988198
0.041057 0.98821
0.041058 0.988223
0.041059 0.988235
0.04106 0.988247
0.041061 0.98826
0.041062 0.988272
0.041063 0.988285
0.041064 0.988297
0.041065 0.98831
0.041066 0.988322
0.041067 0.988335
0.041068 0.988347
0.041069 0.98836
0.04107 0.988372
0.041071 0.988385
0.041072 0.988397
0.041073 0.98841
0.041074 0.988422
0.041075 0.988435
0.041076 0.988448
0.041077 0.98846
0.041078 0.988473
0.041079 0.988485
0.04108 0.988498
0.041081 0.988511
0.041082 0.988524
0.041083 0.988536
0.041084 0.988549
0.041085 0.988562
0.041086 0.988574
0.041087 0.988587
0.041088 0.9886
0.041089 0.988613
0.04109 0.988626
0.041091 0.988638
0.041092 0.988651
0.041093 0.988664
0.041094 0.988677
0.041095 0.98869
0.041096 0.988703
0.041097 0.988716
0.041098 0.988728
0.041099 0.988741
0.0411 0.988754
0.041101 0.988767
0.041102 0.98878
0.041103 0.988793
0.041104 0.988806
0.041105 0.988819
0.041106 0.988832
0.041107 0.988845
0.041108 0.988858
0.041109 0.988871
0.04111 0.988884
0.041111 0.988898
0.041112 0.988911
0.041113 0.988924
0.041114 0.988937
0.041115 0.98895
0.041116 0.988963
0.041117 0.988976
0.041118 0.98899
0.041119 0.989003
0.04112 0.989016
0.041121 0.989029
0.041122 0.989042
0.041123 0.989056
0.041124 0.989069
0.041125 0.989082
0.041126 0.989096
0.041127 0.989109
0.041128 0.989122
0.041129 0.989136
0.04113 0.989149
0.041131 0.989162
0.041132 0.989176
0.041133 0.989189
0.041134 0.989202
0.041135 0.989216
0.041136 0.989229
0.041137 0.989243
0.041138 0.989256
0.041139 0.98927
0.04114 0.989283
0.041141 0.989297
0.041142 0.98931
0.041143 0.989324
0.041144 0.989337
0.041145 0.989351
0.041146 0.989364
0.041147 0.989378
0.041148 0.989392
0.041149 0.989405
0.04115 0.989419
0.041151 0.989433
0.041152 0.989446
0.041153 0.98946
0.041154 0.989474
0.041155 0.989487
0.041156 0.989501
0.041157 0.989515
0.041158 0.989528
0.041159 0.989542
0.04116 0.989556
0.041161 0.98957
0.041162 0.989584
0.041163 0.989597
0.041164 0.989611
0.041165 0.989625
0.041166 0.989639
0.041167 0.989653
0.041168 0.989667
0.041169 0.98968
0.04117 0.989694
0.041171 0.989708
0.041172 0.989722
0.041173 0.989736
0.041174 0.98975
0.041175 0.989764
0.041176 0.989778
0.041177 0.989792
0.041178 0.989806
0.041179 0.98982
0.04118 0.989834
0.041181 0.989848
0.041182 0.989862
0.041183 0.989876
0.041184 0.989891
0.041185 0.989905
0.041186 0.989919
0.041187 0.989933
0.041188 0.989947
0.041189 0.989961
0.04119 0.989975
0.041191 0.98999
0.041192 0.990004
0.041193 0.990018
0.041194 0.990032
0.041195 0.990047
0.041196 0.990061
0.041197 0.990075
0.041198 0.990089
0.041199 0.990104
0.0412 0.990118
0.041201 0.990132
0.041202 0.990147
0.041203 0.990161
0.041204 0.990175
0.041205 0.99019
0.041206 0.990204
0.041207 0.990219
0.041208 0.990233
0.041209 0.990248
0.04121 0.990262
0.041211 0.990276
0.041212 0.990291
0.041213 0.990305
0.041214 0.99032
0.041215 0.990335
0.041216 0.990349
0.041217 0.990364
0.041218 0.990378
0.041219 0.990393
0.04122 0.990407
0.041221 0.990422
0.041222 0.990437
0.041223 0.990451
0.041224 0.990466
0.041225 0.990481
0.041226 0.990495
0.041227 0.99051
0.041228 0.990525
0.041229 0.990539
0.04123 0.990554
0.041231 0.990569
0.041232 0.990584
0.041233 0.990598
0.041234 0.990613
0.041235 0.990628
0.041236 0.990643
0.041237 0.990658
0.041238 0.990673
0.041239 0.990687
0.04124 0.990702
0.041241 0.990717
0.041242 0.990732
0.041243 0.990747
0.041244 0.990762
0.041245 0.990777
0.041246 0.990792
0.041247 0.990807
0.041248 0.990822
0.041249 0.990837
0.04125 0.990852
0.041251 0.990867
0.041252 0.990882
0.041253 0.990897
0.041254 0.990912
0.041255 0.990927
0.041256 0.990942
0.041257 0.990957
0.041258 0.990973
0.041259 0.990988
0.04126 0.991003
0.041261 0.991018
0.041262 0.991033
0.041263 0.991048
0.041264 0.991064
0.041265 0.991079
0.041266 0.991094
0.041267 0.991109
0.041268 0.991125
0.041269 0.99114
0.04127 0.991155
0.041271 0.991171
0.041272 0.991186
0.041273 0.991201
0.041274 0.991217
0.041275 0.991232
0.041276 0.991247
0.041277 0.991263
0.041278 0.991278
0.041279 0.991294
0.04128 0.991309
0.041281 0.991324
0.041282 0.99134
0.08789 25.8114
0.087891 25.8114
0.087892 25.8114
0.087893 25.8115
0.087894 25.8115
0.087895 25.8115
0.087896 25.8115
0.087897 25.8115
0.087898 25.8115
0.087899 25.8115
0.0879 25.8116
0.087901 25.8116
0.087902 25.8116
0.087903 25.8116
0.087904 25.8116
0.087905 25.8116
0.087906 25.8116
0.087907 25.8117
0.087908 25.8117
0.087909 25.8117
0.08791 25.8117
0.087911 25.8117
0.087912 25.8117
0.087913 25.8117
0.087914 25.8118
0.087915 25.8118
0.087916 25.8118
0.087917 25.8118
0.087918 25.8118
0.087919 25.8118
0.08792 25.8118
0.087921 25.8118
0.087922 25.8119
0.087923 25.8119
0.087924 25.8119
0.087925 25.8119
0.087926 25.8119
0.087927 25.8119
0.087928 25.8119
0.087929 25.8119
0.08793 25.812
0.087931 25.812
0.087932 25.812
0.087933 25.812
0.087934 25.812
0.087935 25.812
0.087936 25.812
0.087937 25.812
0.087938 25.8121
0.087939 25.8121
0.08794 25.8121
0.087941 25.8121
0.087942 25.8121
0.087943 25.8121
0.087944 25.8121
0.087945 25.8121
0.087946 25.8121
0.087947 25.8122
0.087948 25.8122
0.087949 25.8122
0.08795 25.8122
0.087951 25.8122
0.087952 25.8122
0.087953 25.8122
0.087954 25.8122
0.087955 25.8122
0.087956 25.8122
0.087957 25.8123
0.087958 25.8123
0.087959 25.8123
0.08796 25.8123
0.087961 25.8123
0.087962 25.8123
0.087963 25.8123
0.087964 25.8123
0.087965 25.8123
0.087966 25.8123
0.087967 25.8123
0.087968 25.8124
0.087969 25.8124
0.08797 25.8124
0.087971 25.8124
0.087972 25.8124
0.087973 25.8124
0.087974 25.8124
0.087975 25.8124
0.087976 25.8124
0.087977 25.8124
0.087978 25.8124
0.087979 25.8124
0.08798 25.8125
0.087981 25.8125
0.087982 25.8125
0.087983 25.8125
0.087984 25.8125
0.087985 25.8125
0.087986 25.8125
0.087987 25.8125
0.087988 25.8125
0.087989 25.8125
0.08799 25.8125
0.087991 25.8125
0.087992 25.8125
0.087993 25.8125
0.087994 25.8126
0.087995 25.8126
0.087996 25.8126
0.087997 25.8126
0.087998 25.8126
0.087999 25.8126
0.088 25.8126
0.088001 25.8126
0.088002 25.8126
0.088003 25.8126
0.088004 25.8126
0.088005 25.8126
0.088006 25.8126
0.088007 25.8126
0.088008 25.8126
0.088009 25.8126
0.08801 25.8126
0.088011 25.8127
0.088012 25.8127
0.088013 25.8127
0.088014 25.8127
0.088015 25.8127
0.088016 25.8127
0.088017 25.8127
0.088018 25.8127
0.088019 25.8127
0.08802 25.8127
0.088021 25.8127
0.088022 25.8127
0.088023 25.8127
0.088024 25.8127
0.088025 25.8127
0.088026 25.8127
0.088027 25.8127
0.088028 25.8127
0.088029 25.8127
0.08803 25.8127
0.088031 25.8127
0.088032 25.8127
0.088033 25.8127
0.088034 25.8127
0.088035 25.8127
0.088036 25.8127
0.088037 25.8128
0.088038 25.8128
0.088039 25.8128
0.08804 25.8128
0.088041 25.8128
0.088042 25.8128
0.088043 25.8128
0.088044 25.8128
0.088045 25.8128
0.088046 25.8128
0.088047 25.8128
0.088048 25.8128
0.088049 25.8128
0.08805 25.8128
0.088051 25.8128
0.088052 25.8128
0.088053 25.8128
0.088054 25.8128
0.088055 25.8128
0.088056 25.8128
0.088057 25.8128
0.088058 25.8128
0.088059 25.8128
0.08806 25.8128
0.088061 25.8128
0.088062 25.8128
0.088063 25.8128
0.088064 25.8128
0.088065 25.8128
0.088066 25.8128
0.088067 25.8128
0.088068 25.8128
0.088069 25.8128
0.08807 25.8128
0.088071 25.8128
0.088072 25.8128
0.088073 25.8128
0.088074 25.8128
0.088075 25.8128
0.088076 25.8128
0.088077 25.8128
0.088078 25.8128
0.088079 25.8128
0.08808 25.8128
0.088081 25.8128
0.088082 25.8128
0.088083 25.8128
0.088084 25.8128
0.088085 25.8128
0.088086 25.8128
0.088087 25.8128
0.088088 25.8128
0.088089 25.8128
0.08809 25.8128
0.088091 25.8128
0.088092 25.8128
0.088093 25.8128
0.088094 25.8128
0.088095 25.8128
0.088096 25.8128
0.088097 25.8128
0.088098 25.8128
0.088099 25.8128
0.0881 25.8128
0.088101 25.8128
0.088102 25.8128
0.088103 25.8127
0.088104 25.8127
0.088105 25.8127
0.088106 25.8127
0.088107 25.8127
0.088108 25.8127
0.088109 25.8127
0.08811 25.8127
0.088111 25.8127
0.088112 25.8127
0.088113 25.8127
0.088114 25.8127
0.088115 25.8127
0.088116 25.8127
0.088117 25.8127
0.088118 25.8127
0.088119 25.8127
0.08812 25.8127
0.088121 25.8127
0.088122 25.8127
0.088123 25.8127
0.088124 25.8127
0.088125 25.8127
0.088126 25.8127
0.088127 25.8127
0.088128 25.8127
0.088129 25.8126
0.08813 25.8126
0.088131 25.8126
0.088132 25.8126
0.088133 25.8126
0.088134 25.8126
0.088135 25.8126
0.088136 25.8126
0.088137 25.8126
0.088138 25.8126
0.088139 25.8126
0.08814 25.8126
0.088141 25.8126
0.088142 25.8126
0.088143 25.8126
0.088144 25.8126
0.088145 25.8126
0.088146 25.8125
0.088147 25.8125
0.088148 25.8125
0.088149 25.8125
0.08815 25.8125
0.088151 25.8125
0.088152 25.8125
0.088153 25.8125
0.088154 25.8125
0.088155 25.8125
0.088156 25.8125
0.088157 25.8125
0.088158 25.8125
0.088159 25.8125
0.08816 25.8124
0.088161 25.8124
0.088162 25.8124
0.088163 25.8124
0.088164 25.8124
0.088165 25.8124
0.088166 25.8124
0.088167 25.8124
0.088168 25.8124
0.088169 25.8124
0.08817 25.8124
0.088171 25.8124
0.088172 25.8123
0.088173 25.8123
0.088174 25.8123
0.088175 25.8123
0.088176 25.8123
0.088177 25.8123
0.088178 25.8123
0.088179 25.8123
0.08818 25.8123
0.088181 25.8123
0.088182 25.8123
0.088183 25.8122
0.088184 25.8122
0.088185 25.8122
0.088186 25.8122
0.088187 25.8122
0.088188 25.8122
0.088189 25.8122
0.08819 25.8122
0.088191 25.8122
0.088192 25.8122
0.088193 25.8121
0.088194 25.8121
0.088195 25.8121
0.088196 25.8121
0.088197 25.8121
0.088198 25.8121
0.088199 25.8121
0.0882 25.8121
0.088201 25.8121
0.088202 25.812
0.088203 25.812
0.088204 25.812
0.088205 25.812
0.088206 25.812
0.088207 25.812
0.088208 25.812
0.088209 25.812
0.08821 25.812
0.088211 25.8119
0.088212 25.8119
0.088213 25.8119
0.088214 25.8119
0.088215 25.8119
0.088216 25.8119
0.088217 25.8119
0.088218 25.8119
0.088219 25.8118
0.08822 25.8118
0.088221 25.8118
0.088222 25.8118
0.088223 25.8118
0.088224 25.8118
0.088225 25.8118
0.088226 25.8117
0.088227 25.8117
0.088228 25.8117
0.088229 25.8117
0.08823 25.8117
0.088231 25.8117
0.088232 25.8117
0.088233 25.8117
0.088234 25.8116
0.088235 25.8116
0.088236 25.8116
0.088237 25.8116
0.088238 25.8116
0.088239 25.8116
0.08824 25.8115
0.088241 25.8115
0.088242 25.8115
0.088243 25.8115
0.088244 25.8115
0.088245 25.8115
0.088246 25.8115
0.088247 25.8114
0.088248 25.8114
0.088249 25.8114
